5.743798113462976473e-03
4.931877532284598652e-03
1.189620758828418938e-02
3.618271996295264331e-02
2.599133649504815555e-02
3.583383145677612736e-02
4.167804373285246243e-03
3.327464022357058682e-02
7.096130141712722258e-03
3.951192674012839190e-02
1.379672451523695186e-02
2.352678715013524144e-02
6.239993068880464802e-03
1.980977546298287248e-02
2.983952729377653199e-02
8.321276533203683309e-03
3.191729762135563780e-02
3.035191012871572488e-02
2.643966285779196859e-02
3.395327175041557011e-02
2.520758629103625123e-02
2.626065106773560823e-02
1.853207483579359877e-03
9.456971246739845349e-03
7.272771203632930753e-03
1.016175513471869601e-02
2.322544269721736956e-02
5.194170511986757367e-03
2.199801224859557897e-02
1.695482886698645650e-02
2.588119390772938150e-02
6.173136874739122357e-03
3.823540846178026531e-02
2.228173055714462863e-02
3.271087563968267525e-02
2.831298939676944737e-02
8.951591216457348635e-03
3.401759489534980641e-02
3.180614998633775076e-03
2.946249188623824202e-03
3.541916887405376167e-03
2.980925329271485666e-02
1.774305825437139047e-06
5.713121155480722739e-03
2.932740162232407716e-03
2.065859654310687674e-02
3.530436853656577362e-02
2.459732228161326181e-02
2.764337723843309641e-02
8.412568439546718943e-03
2.977697317818593301e-02
3.292835160807924128e-02
1.533703953846429942e-02
3.535574917804671508e-02
5.239822694767966131e-03
3.463972053001763973e-02
3.840608404060297937e-02
2.565127193643694861e-02
3.305437795283465430e-02
3.267993248972649728e-02
5.003692851446688017e-03
7.897874262342469837e-03
1.487516765949161227e-02
1.131791042859950878e-03
2.221455357192249694e-02
3.708387629310712363e-02
1.967767614286208486e-02
5.451956658803141370e-03
1.744681031289574413e-02
3.948154598435305723e-02
5.879289498040729534e-03
3.218107805492072260e-02
9.102049984497271110e-03
3.958425571240001273e-02
6.393870718390783775e-03
1.148843373070116032e-02
1.948376998589920056e-02
3.287919730593395762e-02
1.608434431689111923e-03
1.592690297584577544e-02
7.921725102386796211e-03
1.032948293874249484e-03
4.658552280221761425e-03
2.518769803955129422e-02
3.726991745953114887e-02
2.686998146427634418e-02
1.318366999244690273e-02
7.234590248700407435e-03
3.221933769708540396e-02
1.784802571064980983e-02
1.713277945228834989e-02
3.975197938514708068e-02
1.212738060343703222e-03
2.535202014839986126e-02
2.178337677966858676e-02
1.181099869080191531e-02
1.252617479076611963e-04
1.614705699409439005e-02
1.261145780332123371e-02
1.818447117490080761e-03
1.580979900186351220e-02
1.693683157505594672e-02
3.717118413348385886e-02
1.247658750966970827e-02
3.864500707067827778e-02
3.795389353115075776e-02
3.377893109685078943e-02
3.859423993019590882e-02
2.483815413850826506e-02
2.470885052154154354e-02
9.351496931263424822e-03
3.926080116997182623e-02
2.114017233023817929e-02
9.309894431539911643e-04
3.411357006775599110e-02
3.755155958654879389e-02
3.207043783357448052e-02
2.522689012667986980e-02
3.248620527675263187e-02
1.281797343790207037e-02
3.579797377484784243e-02
1.432411648081686681e-02
3.650502757657406866e-02
2.100045929663982985e-03
3.831969578410271415e-02
5.821776948995824492e-03
3.566179033451861297e-02
3.540248301055459713e-04
1.987641178084163796e-02
2.048682986190795280e-03
3.522624404712038776e-02
2.809170241570299251e-02
2.241133712175569226e-02
1.522077870267639181e-02
1.350350675572153936e-02
1.619518952641047296e-02
2.895262148305727951e-02
1.342751397864021083e-02
2.791905216395161593e-02
2.612391330269249468e-02
3.335164986672669446e-02
3.069718489637285395e-04
3.014598456639895618e-02
3.258269844853221159e-02
3.051608218052597171e-03
7.957482568575446587e-04
4.779331432544125027e-03
8.141937435595299546e-03
3.009686035312455349e-03
1.704284075070899504e-02
6.919921722966440071e-03
3.731107977238548590e-02
1.639770162511391960e-02
1.589208416390617239e-03
3.663793963247551772e-02
2.090641029551033522e-02
2.010488581715805939e-02
5.699457801027687544e-03
3.135304186214191852e-02
2.129737434444652772e-02
3.884315587782967427e-02
2.288844834586183791e-02
2.511954229433552288e-02
1.907238627538021189e-02
2.327811807127620411e-02
3.878035775984951805e-02
3.607023854971125321e-02
3.354219806085158989e-02
2.720833272595867339e-02
3.036599445954478796e-02
1.147416511974757442e-02
2.166802681984830031e-02
1.804082338879566330e-02
3.497775542656404030e-02
2.899791861367308210e-02
3.115482667591083082e-02
3.009992538156496672e-02
3.026568598875456831e-02
2.735109301173745816e-02
2.645272125230110558e-02
3.133830402010966826e-02
1.313772073473058397e-02
1.573871414356727699e-02
2.795745659308057629e-02
1.982720149588233782e-02
1.274976698445252042e-02
3.224452124380879775e-02
3.472814287134898259e-02
2.486738927221465896e-03
3.811920928060637259e-02
1.243959481974148476e-02
2.140228673162218771e-03
1.008011764045715431e-03
3.855246272609127306e-02
5.920885143263983005e-03
1.637667632550458829e-02
2.055907615405756089e-02
2.542529867707755964e-02
3.881890136147905790e-02
2.689538532262139917e-02
1.735792616605813868e-02
3.554964018754983024e-02
2.936681744631207749e-02
7.362494634165761380e-03
3.156016186406542662e-02
3.575141032096208066e-02
5.927418310856582932e-03
3.261690617378044943e-02
1.843601156517514841e-02
2.382123641315044005e-02
3.462952603942159781e-03
1.676709558521529211e-02
3.133215951457393039e-02
3.731220900792064921e-02
8.482588554088016028e-03
2.890410160998158062e-02
1.194161570219348482e-02
8.553731919065317088e-03
4.166796850947065804e-03
3.976674965694186603e-02
3.932053855088020466e-02
1.575567473604141955e-02
1.376438144269875874e-02
3.255483539560544842e-02
1.127643885796291746e-02
1.562864400641541607e-03
9.664205704424113155e-03
2.998445202798328754e-02
1.376168550258366659e-02
1.046135651412094525e-02
8.725846676917456760e-03
1.345063134421125087e-02
1.429040370192959965e-02
1.968798324525329602e-02
2.347058000293002905e-02
2.402318205164237497e-02
3.580007928440460951e-02
3.209782631776514350e-03
7.977479365626947982e-03
1.437192996274345644e-02
2.180643437755377251e-02
3.898365945115142561e-02
2.833589484703838424e-02
3.428304092215325033e-02
3.939559761968671608e-02
2.639482265399103675e-02
1.402598897638956781e-02
4.209590051441320854e-03
2.278391556995885969e-02
3.988405554432182011e-03
1.337588188285552919e-02
1.153245259302998309e-02
2.990540620439026409e-02
2.357129368895433813e-02
2.276494260456490837e-02
6.737290771250716882e-03
2.639974475487053343e-02
1.848803352920165913e-02
5.494107996500847794e-03
2.463720552907134979e-03
1.342018779956450150e-02
-3.524459638265663164e-03
-3.234685315912347314e-02
-7.899735024652281001e-02
-1.258545091470522070e-01
-7.439598130411838317e-02
-1.553815442389106655e-02
1.350580605728695094e-01
2.451437306667581251e-01
2.871422962698461645e-01
2.404522186960622865e-01
1.397530123703963900e-01
-5.491476749048401773e-03
-7.181020962776218930e-02
-1.023678785646319062e-01
-8.113936015512407396e-02
-5.936196216052415375e-02
-3.320391944429640363e-02
1.304431891536882854e-02
3.077954611242669260e-03
1.147743373009285466e-02
6.382687377892641394e-03
1.171051837761900513e-02
2.514521841199499064e-02
3.836071387102569369e-02
1.503781184163281888e-02
1.863860678970632708e-03
3.280013406423772787e-02
1.173718005697699761e-02
8.363687265542311521e-04
3.856660633612898903e-02
4.921219009319252949e-03
3.767070782480026747e-02
3.746688289119799731e-02
2.054939655763748235e-02
3.223014880821596650e-02
3.383139805481048812e-02
3.300560004658405211e-02
1.059508605319153980e-02
1.504470292987296690e-02
3.061418841425232393e-02
3.885101821228088836e-02
1.791042154384896862e-02
7.184280951456445234e-03
3.129864056128441735e-02
2.923183639780626425e-02
2.335567531785508535e-02
1.947342686927919231e-02
5.144374392439532429e-03
2.040109272677350510e-02
1.803230846731906879e-03
1.822485115796889862e-02
1.069203339677762170e-03
9.660031201766878725e-03
1.509648647554984180e-02
1.375031589209707583e-03
1.296869574023177402e-02
1.989074590036099197e-02
1.632385247459114397e-02
2.578163073950718101e-02
2.102676977004036551e-02
3.774612948774240528e-02
2.471996420524514779e-02
3.391460961241191119e-02
1.808797787010300168e-02
2.101736355365448755e-02
3.313051388138205794e-02
1.023335959367589233e-02
1.820196819826567711e-02
1.502174493691977274e-02
1.738511294723126335e-02
3.809364845000374339e-02
3.655116084613947280e-03
1.901378619406222589e-02
7.975501321821223608e-03
2.723380963988104170e-02
3.422834423179191982e-02
3.447568408352465197e-02
2.488633937790355258e-02
2.610708295629162855e-03
1.638769554665630776e-02
3.999608111858851678e-02
2.042289967699133582e-03
3.374072278507661560e-02
2.963636341461415441e-02
3.723387463761076988e-02
1.139954245534381683e-02
2.132760984051066191e-02
3.972666882782419084e-02
3.561681440110511798e-02
1.615418557989284701e-02
2.663820654859681489e-02
1.166879003603111392e-02
2.557999042668189157e-02
5.425273037183666290e-03
2.379361476964647441e-03
3.632279616679694872e-02
2.253543295393363108e-02
2.913119753670338069e-02
2.378479096249698846e-02
2.625385182269377934e-02
9.500800994753610647e-04
2.880696526636186000e-02
6.983886605716635616e-03
3.278044875728347574e-02
2.639229025629292666e-02
3.502380499821619586e-02
2.029116921039035570e-02
1.187549492677745025e-02
2.120404456494473858e-02
2.914466295495905107e-02
1.524439346074655741e-02
3.089190325544964588e-02
1.405682346910425845e-02
3.555431241520668612e-02
6.160805604142449547e-05
2.536406902821646339e-02
7.157687274202877668e-03
8.667989161874677800e-03
3.647862608631863290e-02
6.449582988680035989e-03
3.444635143311238629e-02
1.940341999981292156e-02
3.491071740773243198e-02
1.076671998735954580e-02
5.144383949291553119e-03
3.868163584862745023e-03
3.470367404803915284e-02
2.365151375488643709e-02
7.027769257741396484e-03
7.001347576492622515e-03
3.528352808267642277e-02
5.268767795511814997e-03
3.406846063875574454e-02
2.277845123428787200e-02
1.461951944119879243e-03
5.955469317514130133e-03
2.870718488919909994e-02
3.430582055879409769e-03
2.195565694964476955e-02
2.292074460789499460e-02
1.352692263256119291e-02
1.427477135155268487e-02
1.197842236720502752e-02
2.329986342565565707e-02
3.766320529833011750e-03
7.337031406129091229e-03
4.500653726328645091e-03
2.963480348521025168e-02
3.595188590064428424e-02
3.579378168454622200e-02
2.885867752946054063e-02
5.534968068240409336e-03
1.672496742758277158e-02
3.516579322062711455e-02
4.643458223609142968e-03
3.727863326171571012e-02
1.211080733382395580e-02
3.226756611113722889e-02
1.877833516006455553e-02
1.756375932709861032e-02
3.445813712944174878e-02
1.620332946363711724e-02
5.514658377834225035e-04
1.199139236363966354e-02
8.189910464552894315e-03
4.307720348990775640e-03
2.425897089068833334e-02
2.563788299497837472e-02
1.049971258574181401e-02
1.482174540372450423e-02
1.393141542735592056e-02
1.532897978565204208e-03
2.318124758648724276e-02
3.672702220191312317e-02
3.742598658437827630e-02
2.989051963199093262e-02
1.103867907017891219e-02
3.102003048484664946e-02
2.795042016458963718e-02
1.007900682298395849e-02
9.998862319157031386e-03
2.962104339628492816e-02
1.589121878139869437e-02
1.077735469386879689e-02
2.652553750011285918e-03
2.210663971109377499e-02
3.157743280278912240e-02
2.195215560368483920e-02
2.504008963534342866e-02
2.288936862518534121e-02
2.761420903618868813e-02
1.115858697118119955e-02
3.783730571488800459e-02
2.286170571314822403e-02
1.352059897883702705e-02
3.825359092738913475e-02
3.515499704105991274e-02
1.874277309121854390e-02
1.115789556762239280e-02
3.417340636594231457e-02
2.232935843580323779e-02
1.649223022156313945e-02
1.295923992043837916e-02
2.235613439810938546e-02
2.062349370784583719e-02
1.707049546735224174e-02
3.857974233080764537e-02
6.769032911149541580e-03
2.116505266422843284e-02
3.079177500386763230e-02
2.973443387489655559e-02
1.616911676154121277e-02
1.576995723518294715e-02
1.465714957777444283e-03
3.422342894404922786e-02
1.533369562256403640e-02
3.541042856306544223e-02
3.097807975052544946e-02
3.624036691457233755e-02
1.312824874520295351e-02
2.858922507544048308e-03
3.664544593653629861e-02
3.986282245893164877e-02
3.421385293606967609e-02
3.245898933095889283e-02
9.514316782544050485e-03
1.409466491617087508e-02
2.841872279546542659e-02
1.979634628286807210e-02
2.423346425800661057e-03
3.442445611598224028e-03
3.830537859906683884e-02
2.436585472752533441e-02
1.724700263602785624e-02
3.886771981464336168e-02
6.229131580397190976e-03
1.815025721384782090e-02
1.132676229692077853e-03
5.430432897220332546e-03
7.656996254134381188e-03
3.238051510250822967e-02
1.808512386260922866e-02
4.427812408263899838e-03
1.272989617155027668e-02
1.784595765541687959e-02
3.803836957081453696e-02
3.571643752870889282e-02
1.954992465281732428e-03
2.153074969612083292e-02
4.358602146702399149e-02
4.600375110516907035e-02
8.387230252660142493e-02
1.124349269537688878e-01
1.524654358640976648e-01
1.414590106923836466e-01
3.591782155004075161e-02
-8.226787155768333637e-02
-2.067455278552920994e-01
-2.522545994199815178e-01
-2.043657315186418466e-01
-7.814801685530833875e-02
3.287966375305693967e-02
1.165374995810826708e-01
1.530226015527904881e-01
1.416383296378387058e-01
8.572041313459040357e-02
4.777774268684628622e-02
3.114569786751794286e-02
8.764707322306974566e-03
1.517584874534376287e-02
9.598342648303377286e-03
1.027558650442454355e-02
1.220133665861931199e-02
9.271589866208206077e-03
1.315295678152584614e-02
3.352221066223675522e-02
3.190225426069528275e-02
3.716436181188127741e-02
2.316015575973670929e-02
3.300830305687151023e-02
1.886655834343459182e-02
3.656502800864577796e-02
8.488630151991376563e-03
4.049522231017729963e-03
3.530271079885836417e-03
7.983972577500187198e-03
3.904296333945191794e-02
2.098803015818937953e-02
3.488341421057580827e-02
3.852029503085083878e-03
2.939206241116430057e-02
2.410331436788976794e-02
5.214482726508063229e-03
1.933984479551670993e-02
3.095656061066540121e-02
1.979878361303915191e-03
1.111765883786882542e-02
2.913190788831560366e-02
3.449455901685615639e-02
3.653928245771122935e-02
2.147935715227688828e-03
6.374636771940718309e-03
2.660464836488730597e-02
5.741634406571396142e-03
2.056911614491190032e-02
1.765363014159368471e-02
1.510232777484991733e-02
3.001964295723247647e-02
1.863519562880700323e-02
2.206734927487964334e-02
2.279102937250367805e-02
1.377133354204768990e-02
3.391622707717566881e-02
2.500544337292641764e-02
2.723856834410695940e-02
1.073812549627214952e-02
3.665040603075785108e-03
1.456082110792177378e-02
4.575911359254013905e-03
5.206849218876565683e-03
-2.257808103846850253e-02
-6.646532814404521039e-02
-1.115664961956920193e-01
-1.317893190139384774e-01
-1.008630693480408597e-01
-1.986050277207384446e-02
1.773872603281399785e-01
3.355487418684933165e-01
4.007004122950478808e-01
3.338386935745721318e-01
1.820515555809042174e-01
-1.782669460611037426e-02
-1.329032855298032945e-01
-1.620290294965826827e-01
-1.125900054918759496e-01
-6.362748578211831207e-02
-1.126740952796054240e-02
-4.640658641074837942e-03
3.835875946494933519e-03
1.802691898891446015e-06
3.837875055199525126e-02
2.595517656861891578e-02
7.328346049222045182e-03
1.239870898194327456e-02
3.757967447730504312e-02
2.424135574180032518e-02
2.976388710016920208e-03
4.647158940637315626e-03
3.747608108802665591e-03
1.797053398296613938e-02
8.955454261985818301e-03
4.212794248730121309e-03
9.994055279451692642e-03
2.276299012775587910e-02
8.563849456153573361e-03
1.903829144647042892e-02
3.207182666709060270e-02
3.840404713540452805e-03
3.113856757506990036e-02
1.465725607494701606e-02
4.551832313834003503e-04
3.902793285508413673e-02
1.721697428908616073e-02
3.831275027405494499e-02
2.198239172304686587e-02
1.967816255480887150e-02
7.701899488214758232e-04
2.780074248681823137e-02
1.694442342615554153e-02
2.185761485417207772e-02
8.348733575921927011e-03
1.979293335598294318e-02
2.611569444428990874e-02
2.488708517006501478e-03
1.204113881734526770e-02
1.468640468126535849e-02
1.019543927415862868e-02
2.609236041505897524e-02
4.740526283894457536e-03
6.354219955101716825e-03
1.562464618386499166e-02
3.447005893361230339e-02
7.097909698264110931e-03
2.343334920056876474e-03
9.380542104968036393e-03
1.535261320116266572e-02
1.548965185198603002e-03
3.058363726762376375e-02
3.479281402650725996e-02
1.062441749338571308e-02
3.385935582857847043e-02
6.916896404887422703e-03
2.073961981777004346e-02
2.657346590708493939e-02
3.545694019226618837e-02
9.179813388756379727e-03
1.040334187177673932e-03
1.948270231817759296e-02
7.246518081259179477e-04
2.407037462894420082e-02
1.612573578013259609e-02
2.900983908403000078e-02
2.265160413263141159e-02
3.398540426105815804e-02
1.652155310420167292e-02
7.329170153001393975e-03
3.663473088068245481e-02
2.603638565744628708e-02
3.523124891934061031e-02
1.792353117514497093e-02
6.338625250210232383e-03
3.913946892613752448e-02
2.407103087815510786e-02
3.297714563888152345e-02
3.774530146749594667e-02
1.353209973760518062e-02
1.710187980564901664e-02
2.633538113419151006e-02
3.195656692084455908e-02
5.679204471315135554e-03
3.572065989782542521e-03
2.889814282634203813e-02
2.320631011230283106e-02
2.914964121136782819e-03
2.534492444193111454e-02
1.421272094512641797e-02
1.729573214716945487e-02
2.088118932543344547e-02
2.718162112127391408e-02
2.328205513758228873e-02
1.507269177095206872e-02
1.584631305718988553e-02
9.039728422068260896e-03
2.412700993724832283e-03
2.536331460710244002e-03
1.626038768294997203e-02
1.989419589547959666e-02
1.705550827701266328e-02
1.760084349669820483e-02
2.602128515038158729e-02
3.327622820350021465e-02
1.240232996394736303e-02
2.469493506304291236e-02
2.734022067942794981e-02
9.959258422138801692e-03
5.286634852211857848e-04
5.955410151818711639e-03
1.708341666298300761e-03
9.733473384219020613e-03
1.277304932817244741e-02
2.472422494395241054e-03
1.177837782209980103e-02
2.567322543609300723e-03
3.652656817889264607e-02
3.677673591561676780e-02
2.916708297459553317e-02
1.610370333872460438e-02
6.110036294106490793e-04
3.423523143698074811e-02
3.612403523637786051e-02
3.323404640903350471e-02
3.533054189877080087e-02
3.491334409682474160e-02
3.846685004228144605e-02
1.468419418949040711e-02
1.393913238420970910e-02
3.562204079674866075e-02
3.524998991741312704e-02
2.091622404016897207e-03
2.119134508818536211e-02
1.129534788148770647e-02
3.738897899207715807e-03
2.231872177361339527e-02
1.126486991591869012e-02
2.601095990043040748e-02
1.989305741447106382e-02
3.203293906790630197e-02
2.713042651202777350e-02
1.676656516078200640e-02
1.565876890417549835e-02
9.033406684939038547e-03
2.392503549082623110e-02
3.735533731373596317e-02
1.422191539281937589e-02
3.290803769812912505e-02
2.218393080114316671e-02
3.686466316306660079e-02
2.219583041528851858e-02
1.008536049548164164e-02
5.321377039622042157e-03
7.283023991405791243e-03
4.416597649104170992e-03
3.489729484498683976e-02
1.638751251944117748e-02
3.994676208368039966e-02
2.434002987272503027e-02
2.035451742972535158e-02
3.401258093076860167e-02
3.347402226106564044e-02
7.707462510604322706e-03
1.328925454533641179e-02
-7.127311694213409737e-03
-3.024074036695924284e-02
-5.828376618341956500e-02
-2.103723934258149714e-02
2.181591759146704612e-02
6.994352736759333611e-02
1.255623670023596206e-01
1.517273511292163701e-01
1.559981752305273361e-01
6.813958765619927693e-02
1.500371597123512785e-02
-4.745268409220652905e-02
-5.828267170385396934e-02
-1.504286908493978475e-02
-9.767356065035932844e-03
-2.102437388012346614e-03
1.860041779391621158e-02
3.623016890541008034e-02
2.976822433644284518e-02
4.578198270861599979e-03
2.606129004834900620e-02
2.324613376387371470e-03
3.239855163759605694e-02
2.965660999535918094e-02
2.522251833542281038e-02
3.310583849887621666e-02
3.138894833230203990e-02
3.423614882845917723e-02
2.992608099415309392e-02
3.326977234372493347e-02
2.504374497253362367e-03
3.851379503743145721e-02
3.483717021515445045e-02
9.628974055041568739e-03
2.733773841487562029e-02
8.794591233521846865e-03
5.656524089874510192e-03
1.335070797309546864e-02
3.642405960883773886e-02
3.279459327260308976e-02
2.601527582363412014e-02
4.263620822407649877e-03
9.999237487439791017e-03
2.385799764068825823e-02
2.383427704726936991e-02
3.408363700828960507e-02
2.620160956634765004e-02
3.206253123090088003e-02
3.913133157929709477e-02
2.504910312205120559e-02
3.890812810110504116e-02
4.675502242380682148e-03
4.073782481418973013e-03
2.343197232797090968e-02
3.238249548099072367e-02
2.170893108732444010e-02
2.894608043314153903e-02
7.758386960133294846e-03
1.388835662909411114e-03
3.254863653479545677e-02
8.644244186824013437e-03
1.035649423446996032e-03
1.561047464192863920e-03
2.703591285932230304e-02
1.577485059214702801e-03
2.202358121592513582e-02
2.172242377518904949e-02
1.986608723896230236e-03
5.442066813064627305e-04
2.745702789406236077e-02
4.993314203431840383e-03
7.767189768147795235e-03
1.262745572966332379e-02
2.237560215077189982e-03
3.909187715797207696e-02
2.058404647310417210e-02
2.472972547963879150e-02
3.119572416699196299e-02
2.209910744245942305e-02
2.740152561720146131e-03
2.866505873997597653e-02
3.497039864795705583e-02
2.706996191712336339e-02
2.604218525566738551e-02
1.233457993529189084e-02
2.268831498044532281e-04
3.224734209406250520e-03
2.659542934150678148e-02
2.054675632056915738e-02
3.683997120357028476e-02
3.669078408728600974e-03
2.614402538579058827e-02
5.958461574961560099e-03
9.607704383550937435e-03
1.345353742930109620e-02
3.562077875555730300e-02
1.958341596442970609e-02
1.537236576973818186e-02
8.536172346289817858e-03
2.023751862787886296e-02
2.897473391660423947e-02
2.450283395751391008e-02
3.391125133129719443e-02
2.551484962365231646e-02
3.165655452467727726e-02
1.891929678502980716e-02
2.072605805609385732e-02
2.698713489533986418e-02
2.127913143130460288e-02
3.462294916857507066e-02
1.792762995192146228e-02
2.742102090791928223e-02
5.563941045273437108e-03
1.834004126581753602e-02
3.310419902318342128e-02
3.765306367135958648e-02
4.634677182305235385e-03
1.043109796835985830e-03
2.817360480367865627e-02
3.994233748971055126e-02
3.599588611672707716e-02
2.962518164589244760e-02
3.289888082524677904e-02
2.878724566198788762e-02
2.039273239237897328e-02
1.877795533136752439e-03
3.341625140260695570e-02
2.158085010930418587e-02
3.459297654169475166e-03
3.898802515097950228e-02
2.047211605958987671e-02
1.567374794349518652e-02
5.554585174076027802e-03
3.955741720387052213e-02
1.676413807644010212e-02
1.684363712930301432e-02
1.708057698126043411e-02
3.477350318783617444e-02
7.154896279969338510e-03
2.975189069290997551e-02
6.522913800951828274e-03
2.017130557706460839e-02
2.337188281271864246e-02
2.181905502740624780e-02
2.661967997783496950e-02
3.267871804045510004e-02
1.993804788186070986e-02
1.378738133570118346e-02
2.735558779972589033e-03
3.601626713137404817e-02
1.274898997299209365e-02
1.928447145736575039e-02
1.901863167929569373e-02
1.164150096275626441e-02
2.838756772196493385e-04
1.814572212694568268e-02
3.802204570269547557e-02
3.274162882543114883e-02
3.532078053227082765e-02
3.246331234553916523e-03
3.443200393175293444e-02
2.093777752482441773e-02
1.980903280284016660e-02
3.093888809340783475e-02
6.201963802515902263e-03
3.883922925179548319e-02
3.598131879526588611e-02
1.515840255818728249e-02
2.600097975021360523e-03
2.570099053468782174e-02
1.069084833026765456e-02
2.913454633356788587e-02
4.903795440632130898e-04
3.465329398888144369e-02
2.110046508755765438e-02
1.265660038803616272e-02
1.572402950851676737e-02
3.310027261199655763e-02
3.370438763840861995e-02
1.659679369320156070e-02
2.509562312830422234e-02
2.726732737879920127e-02
1.806905920460432843e-02
2.917601579639015827e-02
1.623511254304525753e-02
2.642443311058860836e-02
2.596757051467932925e-02
2.814087865304728056e-02
2.002380734018427075e-02
3.554735071834350113e-02
1.278791507483326498e-02
3.743049246869442626e-02
3.529788327953644472e-02
3.641567088637394367e-02
1.541575177076202549e-02
2.469811178586156161e-02
3.925147221448752749e-02
2.952399460548946891e-02
2.378377589715951947e-03
9.816519486028471922e-03
2.746631200944166587e-02
2.837479480171659421e-02
1.499457431983217300e-02
2.443812454931610853e-02
2.013157748157938520e-02
1.795534843789303378e-02
1.759727971821854753e-02
2.049501430869154692e-02
1.928909705177371189e-02
5.413592932608488756e-03
1.091951904962960504e-02
1.357077578387605628e-02
3.483463059321237343e-02
3.321944584709188297e-02
3.776665306020970253e-02
2.077961264920442225e-02
5.236123409885639832e-03
2.413264231793267947e-02
2.472486559733595365e-02
2.202439366174917604e-02
1.569387516894516985e-02
1.662629086015750962e-02
8.138874643295324063e-03
2.859835265487713912e-02
1.541142704860930246e-02
3.054522600880715810e-02
2.733403287588291857e-03
2.460668190991022186e-02
3.242009550793779199e-02
2.967771307673078979e-02
3.310844896069735366e-02
8.267124310025493819e-03
2.496423495066778242e-02
2.848445953591459412e-02
3.379000225780188355e-02
2.715413513605179421e-02
3.379222458214500152e-02
5.284135304693453328e-03
