3.428192753654114161e-02
8.736011118351906524e-03
2.705586351647629173e-02
3.670905913840713519e-02
3.557660417251362617e-03
2.526548945420850102e-03
3.777320598508977084e-02
2.684547600952408644e-02
7.414001609981690300e-04
3.458570154726112872e-02
2.219748809535427095e-02
2.574128625275476714e-02
2.087290040674859640e-02
2.776376060336529714e-03
1.672500147741435086e-02
1.038930368969578216e-02
3.342664603027958176e-02
5.237092137156462886e-03
1.156124663525108336e-02
3.705144161684379572e-02
2.566720338441855556e-02
2.345632744476754128e-02
1.377187680542828023e-02
1.064898070433734772e-02
1.423283595677449220e-02
3.428748170891187524e-02
5.995777965309137189e-03
3.797189132497806596e-02
1.689579942122527295e-02
9.260875568281701328e-05
3.191501281116453093e-02
1.011596402450893814e-02
2.055186412462642678e-02
3.901518273863941594e-02
3.501025128726129726e-02
1.111023806521631123e-02
3.570339920674025364e-02
1.093093288292462835e-02
1.773201175312761994e-03
2.412061145947928115e-02
3.017081899500030640e-02
2.018652749308816677e-02
6.935986447109962656e-03
3.975093347154600928e-03
3.242857584143306326e-02
3.640356869501437664e-02
2.423050790205958337e-03
7.812401042081291644e-03
2.683453690217114506e-03
2.248358064945716467e-02
2.165913908688346656e-02
7.656437756494067354e-03
1.252631118964639932e-02
2.257626908276699762e-02
1.951938003576763475e-02
3.523541376011722626e-02
3.606685008006037252e-02
1.123041658949093698e-02
1.556653657629712695e-02
2.548372036705254945e-02
3.167203125148676524e-02
2.980656430716197014e-02
3.301291080915100262e-02
2.235419314773821886e-02
1.499715203150534318e-02
2.523920063682053364e-02
2.358692952853453512e-02
1.958524262372663902e-02
2.082227527506324075e-02
4.778804633112327532e-03
2.815780785692172106e-02
2.568089238498030835e-02
8.256360208420727639e-03
3.959936693661047363e-02
1.672858169726747571e-02
3.111169940826749580e-02
3.341360410160582051e-02
2.823617910576704804e-02
3.268487628094721154e-02
2.350316014597273601e-02
1.294234286641241308e-02
2.421694838861346982e-02
1.424389828325886738e-02
9.389108437939332544e-03
3.352860085980541305e-02
1.506783334613133636e-02
2.368950922212265456e-02
1.134194278576608006e-03
6.773307468034181836e-03
2.894943484299368139e-02
8.539613628370253118e-03
1.379631373669596437e-03
3.556769015937873840e-02
3.930415089673478662e-02
9.899050166093470091e-03
3.667316604426526516e-02
3.586940895606227642e-02
2.809245307780195919e-02
5.459785315599013054e-03
1.807562607177193650e-02
8.769094799214172120e-03
7.925238684879203077e-03
1.222787428028953433e-02
3.614660748232483012e-02
3.460148202230907410e-02
1.538558183781836564e-02
3.419565283204399619e-02
8.553453777503520691e-03
2.856003370122918092e-02
2.384332071699316394e-02
2.076583716436806049e-03
1.388570770301770889e-02
3.145920559585686782e-02
8.263084180373575852e-03
3.822803777892640198e-02
1.979501566016832192e-02
1.889135742283644739e-02
1.531778372896983563e-02
8.623496048924206292e-03
3.895325862555822083e-02
1.213236818642724488e-03
1.871898172573206731e-02
3.627763514187976740e-02
2.984915750181717925e-02
1.487233425921957904e-02
9.697427271555038655e-03
2.195593310624009697e-02
2.244711057156143635e-02
8.243670144721222670e-03
7.695085147307820402e-03
3.111932610702034929e-03
3.376764826723807622e-02
3.203181733821217070e-02
1.210238532172728393e-02
1.190153082783265530e-02
8.381605116517110501e-03
3.265195629276323314e-02
3.283771963143646000e-02
4.057995794219908595e-03
5.357113322337739118e-03
3.630854304002358729e-02
1.952747861430156190e-02
1.640578992546825807e-02
3.592132132920737575e-02
8.625548032455626971e-03
8.325881928471213361e-03
8.547100277071603691e-03
3.795539583321177069e-03
1.684593445261133721e-02
3.193525785546370149e-02
1.150205085310480185e-02
2.925527885900924482e-02
3.116499926456506135e-03
3.995551909027680870e-02
7.246876441685557238e-03
1.558726250929559805e-02
2.757896434389251958e-02
2.404928867196809341e-03
3.204161281930272692e-02
5.722745370059487829e-03
2.331948096849330992e-02
3.091225156974838559e-02
2.834277890436825639e-02
3.506301180512318150e-02
2.399817069722885374e-02
2.370685726766442666e-02
4.722454677796293111e-03
2.580254418266043903e-02
1.952452528029118700e-02
2.390217476437785961e-03
2.808675452280021134e-02
1.555239685649710199e-02
2.456361199579180227e-02
1.443245634101784566e-02
1.259225711495339829e-02
1.571199174161282824e-02
3.586142593115768801e-02
1.135540255415309202e-02
1.456862995600384514e-02
3.486611866854817665e-02
2.658351244100775820e-02
3.014845523636551158e-03
2.683751466246179357e-02
3.393895502271955522e-02
1.909091252009700347e-03
3.143048608934641969e-02
3.175068871523899910e-02
1.713399778016732808e-02
2.182062283376160969e-02
1.974435650346789001e-02
2.475415013451111659e-02
1.280120181722010399e-02
1.795422750149562249e-02
3.510422263540385890e-02
1.100738545245972567e-02
3.129007340285620831e-02
3.025416404879512772e-02
1.707714558676585179e-03
2.870717555872705218e-02
3.021458098364415701e-02
2.798257356910871865e-02
9.554037382830676481e-03
2.915783575488216720e-02
3.375335198840563513e-03
9.010307855253087486e-03
1.939382108267335633e-02
3.332406244799738376e-02
3.065283551395448988e-02
2.439454658132308648e-02
1.617651875008810358e-02
7.219713293873604269e-03
3.736867892057553486e-02
2.042240745249156511e-02
3.785684364181189643e-02
1.063966661615561686e-02
2.572057078175690736e-02
1.258892371487427796e-02
3.843264423778304517e-02
2.466573475725504158e-02
3.096987019427886040e-02
2.714698664419512575e-02
3.325742262138782490e-02
1.206819627363367280e-02
1.421619545369029285e-02
1.097076089191708140e-02
1.716907417094524222e-03
7.908546942725216272e-03
1.386254836675970305e-02
3.938058658644399274e-02
2.842096205079876897e-02
2.202078624335064572e-02
3.272982498173383076e-02
4.311257347001488938e-03
1.814903725689366240e-02
3.609337422119785616e-02
1.621218714164861588e-02
1.819100148310557339e-03
1.476207577818552594e-02
4.580649445320412495e-03
1.403319810872499102e-02
2.195195010627068455e-02
2.320933195278367112e-02
2.256405410786106042e-02
3.577019357826879270e-02
2.848015492526534409e-02
5.670114129703005684e-03
1.767941403373471864e-03
2.283746570276790414e-02
3.054681663266143807e-02
6.473776641696777842e-03
2.163915454941726588e-02
2.991913971185400020e-02
2.291536372110112522e-03
2.263234456048400858e-02
3.282503331927159873e-02
1.363191562452734443e-02
3.552741419506346560e-02
2.202119535944950524e-02
4.139166901223467927e-03
1.822233637577760912e-02
1.020489371098413575e-02
-3.527353547239987092e-02
-3.532414151836205107e-02
-7.720119214158284449e-02
-1.176229067435287656e-01
-9.050741413962118398e-02
8.604199132059911492e-04
1.481320039084635665e-01
2.384264151635590023e-01
3.080047899136143519e-01
2.436502416467222210e-01
1.187311902408863251e-01
-1.288629654396419681e-02
-8.652348481948428371e-02
-9.448718334740674463e-02
-8.398268656019208800e-02
-5.355180995160671586e-02
-1.245572297971672335e-02
2.901007730757736158e-03
1.148217286300547493e-03
3.733933747095607297e-02
2.198070616172504571e-02
2.633923372298425242e-02
2.113462555104690319e-02
2.363636457454176137e-02
1.123999993996756784e-02
9.773219815379449379e-03
1.076956588669591292e-02
3.556849202215754679e-02
3.820031710577163724e-03
3.541907010528679012e-02
3.010742869111228057e-02
7.110020072779075183e-04
2.681619996409812315e-02
3.073619506040476540e-02
2.036780348531967016e-02
2.812854041973681524e-02
1.031690728159538606e-02
2.926889527789451259e-03
1.208940004699506250e-02
1.687717324834149546e-02
9.732978107237557144e-03
2.861518638356672084e-02
3.750482750601644849e-02
2.099072479023809598e-02
2.939390082571997475e-03
1.697024586644238844e-02
4.150140857352586574e-03
2.952329438328269579e-03
6.812285051023336986e-03
2.894225260352078014e-02
3.740959866694978930e-02
3.554199483671376808e-02
1.041940263728107158e-03
5.035530830664822384e-03
1.694323774371283772e-02
2.366591515111435978e-02
2.401398841257396458e-02
1.576230461454803918e-03
2.421118169253193373e-03
2.843683027626587798e-02
1.918594676305496530e-02
1.244236867263684779e-02
3.574305605815539244e-02
5.722426623421683275e-03
8.409985604341674173e-04
2.278284274835095866e-02
2.075037959566936735e-02
3.903747467323331888e-02
1.814874701873459006e-02
1.109293677711399584e-02
3.699634489859421338e-02
3.851523839650303205e-02
2.817463296318159505e-02
8.072629576480583433e-05
3.937676831657465487e-02
1.368776841473196872e-02
2.925134401720195718e-02
2.572144958702216391e-02
3.061837893323863038e-02
1.015669225445585758e-02
5.716935112875303100e-03
2.184239978666115828e-02
9.111249294051763925e-03
1.343190826837985588e-02
3.107895015973739794e-02
3.215822245481760044e-02
2.684103331786687197e-02
3.462784594301515553e-03
3.819870949283014905e-02
9.670546535990341003e-03
2.856239729309386147e-02
1.284804971501049206e-02
1.624821215056804213e-02
5.600796795864670724e-04
3.368669096925591927e-04
1.778806279958460024e-02
2.051653398439543582e-03
1.563329309432446787e-02
1.166654570889102960e-02
2.537345183252285447e-02
4.210040450595458478e-03
1.199437202693157817e-02
1.875952956736450872e-03
9.716946177083638295e-03
2.560865645953908781e-02
1.025238741103995377e-02
6.899297982704770404e-03
5.796723960499666067e-03
8.647992287839465983e-03
3.791514186612680165e-02
2.131979646304635323e-02
2.801341710953800246e-02
2.326500338869400691e-02
3.680617580176419323e-02
2.033505501090168005e-02
3.393984529763313662e-02
2.736329447554853786e-02
3.137209422183258323e-02
3.725861242294318393e-02
1.785184563006790570e-02
3.237759737147344330e-02
1.756326806116038572e-02
3.487558250632391554e-02
2.060615919130476953e-02
1.526086974260228851e-02
4.579984740421965544e-03
1.255832244814485826e-02
6.413489570897356815e-03
1.901555201747877344e-02
2.449301107736159833e-02
3.456797654052748414e-02
8.365463792831024856e-03
2.695360332599283995e-02
5.643459441593061572e-03
9.835278420453858611e-03
1.478409178993614174e-02
8.079457947553323957e-03
2.878421427398285964e-02
1.325932471205808465e-03
3.414040341270168505e-02
1.655622507406516106e-02
1.670476272480719490e-02
2.505893898920598731e-02
3.892110065066243380e-02
2.516957406868109218e-02
2.321591869290486054e-02
2.998809981894909327e-02
3.786914562984822902e-02
1.277956298170436489e-02
1.242251469207316002e-03
3.316345260397592781e-02
1.374616915135021961e-02
3.393436323309744623e-02
2.572622096106732745e-02
1.865034073829306693e-02
1.886366326832988882e-02
2.727012965400243613e-02
1.531489407835285622e-02
2.964411617217693404e-02
1.019402823046476614e-02
3.652679511963799475e-02
1.559634119047754314e-02
2.775478758585086386e-02
2.556829210618801612e-02
1.910964404575192814e-03
2.684863457461171207e-02
1.552204035731082239e-02
6.722392299178183740e-03
1.961928328922625184e-02
4.823183317421655784e-03
3.286340429849085587e-02
3.191805968883090761e-02
9.826719984893469984e-03
1.705275573429116884e-02
3.053084525092352244e-02
1.990263949410583585e-02
1.607857404918282967e-02
3.940312891148596564e-02
3.365191583149107490e-02
3.435099661294605065e-03
1.182970609486708700e-02
2.512330679979866283e-02
1.185517441975158549e-02
1.615801193587738938e-02
6.741022934251685722e-03
3.073116605138818264e-02
3.417198522463094253e-03
4.942966217691618230e-03
2.107062522397717616e-02
2.706441511418580803e-02
2.222619689152947192e-02
2.994091097900901388e-02
1.234537386671214106e-02
3.518039696021671436e-02
9.332254891866446911e-03
1.033557605443735650e-02
2.132241633516711744e-03
2.820184865617490072e-02
3.430324793914388271e-02
1.485934532446585299e-02
3.836938824005935861e-02
9.416493542920477411e-03
2.279224713187986279e-02
1.522160644407971435e-02
2.970852070211653373e-02
1.590259302296403998e-02
2.164247407356364658e-02
3.534703294419760250e-02
2.895360935447663375e-02
3.146523016992168464e-02
3.347432065400892526e-02
6.480528916579460057e-03
1.661425203722623201e-02
1.619220783878905136e-03
1.422696194551991214e-02
1.748474293740694130e-02
1.223280026119724119e-02
7.371291628063456579e-03
2.259836091983201747e-02
1.522146867163951499e-02
4.625847185574816570e-03
3.346771869684861400e-02
3.183614822900108360e-02
3.474652342602514016e-02
1.108239150698305149e-02
3.678322139484173359e-02
1.630064149601279794e-02
3.321283368659724237e-03
3.026228185042779961e-02
2.934164255830920207e-03
3.120539167533778815e-02
1.464669731783870173e-02
3.483067410766708255e-02
3.763348870975244398e-02
1.380487803627078632e-02
3.813828225629389140e-02
3.568542119931910478e-02
1.017445985558238127e-02
2.745514754235978822e-02
1.946973408818985021e-02
2.096824764821956372e-02
2.933890308683837975e-02
2.476385375337520831e-03
1.049939950886108822e-02
3.406837779298163560e-02
5.875865216409351457e-03
3.149263770325351486e-02
1.571641794549465121e-02
7.664026449044770116e-03
5.823650487112513874e-02
7.621268340096556959e-02
1.182071425978852564e-01
1.359703245604254318e-01
1.661467018356966030e-01
1.553489350984803563e-01
3.048561352904601007e-02
-1.230559215424795183e-01
-2.745076896392232846e-01
-3.192888725021910123e-01
-2.905519012319467409e-01
-1.340751045521032248e-01
4.244343263891117018e-02
1.590774419427217201e-01
1.980436469863666726e-01
1.499001348226866315e-01
9.605016319937198510e-02
4.506246510150307277e-02
5.839342754349614861e-02
2.812750905552387562e-02
2.257791490827761732e-02
1.216694413447105480e-02
1.489126814056862189e-02
1.841744685525392028e-02
1.903794397948618822e-02
1.155069706260169332e-02
1.348594090239797413e-02
1.261453312728464012e-02
2.351556306840674182e-02
1.464623154953889964e-02
1.072216898872636881e-02
-3.479990076782808750e-02
-8.852232487694369767e-02
-1.481543748582770381e-01
-1.756838145715554078e-01
-1.618075420658733610e-01
-3.406913308617329911e-02
1.757150721169109253e-01
3.687341172503310061e-01
4.656962174706933411e-01
3.888998852222882441e-01
1.958136940946435534e-01
-1.634944758154407290e-02
-1.502625236953653298e-01
-1.895479240289396627e-01
-1.309135965608524410e-01
-8.976034493345934340e-02
-4.032692861434150622e-02
6.502039812822844878e-03
2.733755104951387724e-02
3.265500614287972919e-02
1.599671714302788872e-02
1.164821933583464093e-02
4.516497742005270120e-03
2.089909087151450504e-02
1.541163002554047539e-04
4.498653330718188105e-03
2.231292060739441599e-02
2.220336870164484749e-02
8.489441907477216984e-03
3.033500687550713670e-02
1.156771614778502643e-03
1.507987380509144375e-02
1.863688195330891542e-02
1.046688833864274333e-03
2.105164356704454856e-02
2.487958958076911392e-02
1.918662205003158344e-02
1.980874540848102244e-02
5.962237948809368318e-03
1.305888304861853484e-02
3.429441562282269096e-02
9.310374784842822410e-03
7.364722189075636853e-03
2.314851942017178560e-02
3.303669187125268109e-02
2.182152904490776771e-02
1.137963299108492657e-02
3.703133236846541804e-02
3.609316766133631449e-02
3.868591439830781215e-02
3.457980060441139328e-03
3.038640249228387324e-02
1.352613557154187492e-03
3.425663985032764008e-02
6.684048069150456788e-03
3.847357253822608625e-02
2.937461858716688273e-02
3.708498354561463178e-02
1.492008168383233274e-02
2.640058723745448283e-02
4.050548722401745363e-03
3.298710660670327310e-02
2.785581002940760130e-03
5.314475716678646044e-03
6.857995453550241177e-03
3.264806596344724254e-02
9.413855762109962430e-03
1.114263416969487122e-02
1.752846025647941328e-02
2.568595809241136507e-02
2.739546943552863267e-02
2.395168742275209303e-02
1.544828177350931944e-03
1.112496620384508840e-02
1.807663540859397872e-02
3.101386907024329675e-02
3.428514183603758453e-02
2.747673537817165584e-02
2.786149870157972178e-04
3.961360429971723385e-02
1.075859949541959661e-02
2.065620141258495482e-02
1.766356599468029906e-02
6.344736834777525009e-03
2.922579201275541522e-02
7.536425866981995118e-03
1.556715883262007986e-02
3.043351084226451203e-02
3.878378003976230143e-02
1.453324220092828273e-02
3.712566960804965233e-02
3.513459583643242096e-02
4.067121908265391864e-04
1.886124507804907979e-02
1.057810877245117347e-02
3.169383255720865499e-03
2.601322723577887807e-03
1.234561282650008078e-02
8.710313530589682343e-03
3.458742529833844920e-02
6.024632567835448184e-03
7.377408916510228183e-03
3.840135127262422660e-04
8.534370746223221560e-03
3.936523171325507532e-03
3.402261355704785939e-02
2.118316697702457563e-02
2.865453804138109409e-03
1.925065825497054156e-02
4.012977749345147602e-03
1.219719682388237421e-02
6.134078976891865417e-03
6.003449383139569662e-03
6.181908302937455350e-03
8.732288906997487474e-04
6.993551935127637412e-03
6.954737123615437229e-03
1.916739984804984726e-02
1.997710771722133877e-02
3.889442810573902343e-02
3.652423893530196836e-02
3.997234039414274825e-02
2.324060350227322505e-02
5.785690252209652051e-03
1.533466910394521397e-02
5.365297223115388786e-03
1.550567156075124487e-03
2.827366455138505610e-02
2.184995405887579789e-02
2.151099034665597889e-02
3.363806048500252166e-02
2.122487968501182362e-02
1.304887734368293667e-02
2.159379266905992953e-02
3.146540947751965550e-02
1.591631818148147789e-02
1.572072500076656526e-02
3.412909376622685724e-03
3.416538415632739550e-02
1.922378230395134155e-03
1.193952047077952161e-02
1.902560497994716313e-02
2.956815666529372458e-02
3.289739344699340456e-02
3.075696674627182922e-02
1.101501546977965394e-02
1.921115198529918175e-02
2.119935693621309222e-02
1.015521879405379725e-02
2.159429720093383048e-02
1.560557403419169341e-03
5.096274695682101799e-03
1.964990082892977691e-02
2.012613714373919643e-02
1.066494658000471420e-02
1.235870618815694544e-02
1.010062200727632718e-02
2.170457047979073781e-02
2.208539633820429463e-02
2.463696537390178826e-02
3.950741302103930735e-02
3.965179387216588580e-02
1.941599909074839814e-02
2.920796925665150937e-02
1.654863155446682083e-02
3.656717991227834141e-02
3.979826298531508044e-02
2.465473711280785629e-02
1.940630466910251394e-03
1.941799513744300876e-02
2.382624302612187939e-02
3.418909900379818456e-02
3.781932772970200002e-02
1.974560073119380199e-02
3.445676338477445672e-02
7.634522167012489265e-03
1.150448630937276132e-02
1.241337164622905234e-02
2.811854208385180555e-03
3.017729709837157007e-02
3.285336889863227361e-02
3.353395095790012020e-02
1.751995666461361734e-02
8.876618534555342013e-03
2.383492315211579310e-02
3.672587620284283039e-02
1.499977289501522142e-02
1.080206843189329864e-02
1.579948567364724069e-02
8.437277061363048294e-03
1.408390960597158924e-02
1.907105448022033620e-02
1.478324076565987015e-02
1.233691750840110873e-02
2.639118757446014957e-02
6.286975930393801267e-03
2.721463638718008352e-02
1.812970440823220841e-02
3.797772829667270256e-02
9.143625132314956577e-03
1.208991044955562075e-02
1.314379978415150009e-02
2.017030576899909305e-02
1.616102339361242049e-02
1.047269685254113847e-02
3.293979115674371821e-02
3.045961415909496928e-02
2.010870552010653872e-02
3.820756456421148251e-02
3.276930565047293797e-02
3.606270508630955024e-02
8.293705095990727694e-03
1.088682986739120812e-02
1.972438998132174104e-02
9.701933550927270859e-04
2.943485004135043895e-02
3.949846172262192617e-02
2.938396228585877373e-02
3.029639626062117369e-02
1.502263641303831603e-02
7.030230639884716554e-03
1.075755295323312100e-03
-2.867577527506863858e-02
-4.842693922282799435e-02
-1.999484530963223372e-02
-3.481222884856308847e-03
6.665292334230912830e-02
1.245777720967118640e-01
1.871305307216953595e-01
1.255898528092061761e-01
9.019503793527050561e-02
2.038593127586459108e-02
-3.314572223466015488e-02
-5.216439826710615041e-02
-3.903064186501763871e-02
-3.160356549626274630e-02
7.371014557099424269e-03
4.328817785380401767e-03
1.345393672216197746e-02
2.747602520610087709e-02
5.811033716545657181e-03
4.831225675202869066e-03
2.340375865042954376e-02
7.353234489543824040e-03
3.653945769194558851e-02
7.643790164821797836e-03
2.432054883252817920e-02
2.285949771508371045e-02
2.618862686545686200e-02
3.071958202938247784e-02
1.584748853893574094e-03
1.679725736366830327e-02
2.938800544292108005e-03
2.361988364124570968e-03
2.532079824381229527e-02
2.642846318899876382e-02
3.817344971140178983e-02
1.007934984220471009e-03
3.401255270020658861e-02
1.264194758403136033e-02
2.124789992902626976e-02
3.122307314282378454e-02
2.655166030006510594e-02
2.866932936908728191e-02
6.300879661996248299e-03
3.498313705172124543e-03
1.510809834673288755e-02
2.655472766854735656e-02
4.658573631067075387e-03
2.284007488068913114e-02
3.698419990902796634e-02
7.667353458546939150e-03
1.133548807477904700e-02
2.220551346938264003e-02
1.130285991816214718e-02
6.869534327359438875e-04
1.494177255898544200e-02
1.468087029455916563e-02
1.099297230912961096e-02
3.496434149833336363e-02
1.296723654152638280e-02
2.551832598645146361e-02
3.504540943119185958e-02
3.400952800322649960e-02
3.677969604140311072e-02
3.390069938038391129e-02
3.612775077891333675e-02
1.527711183921656550e-02
3.806077436943169218e-02
1.568922064447937376e-03
1.592962111185562994e-03
1.945416691862766889e-03
3.586254596020918561e-02
2.154810735569363464e-02
3.743117497796557419e-02
3.346947375171462763e-02
2.983680612565572585e-02
3.593597938145853127e-02
1.516749170477856706e-02
3.254296643294390945e-02
1.614527402861310953e-02
3.646740257619785625e-02
2.782621321965117640e-03
3.343488336951198209e-02
2.972076800753698303e-02
5.981954627642238793e-03
3.024503595255242233e-02
1.264862110057162446e-02
2.884678350472984210e-02
3.153066336058083646e-03
1.217192803525676478e-02
9.331112154346144286e-03
5.798952658331790570e-03
7.477157432942456092e-03
1.320974097419407717e-02
3.693472279440433714e-02
9.020905888726681726e-03
2.272870034164918909e-02
3.463462506755360382e-02
1.337129287192384509e-03
3.206578708147815593e-02
3.005276986198814060e-02
9.645026245188538863e-03
3.016370560960095898e-02
1.808360831369392949e-02
1.015687581840026693e-02
1.051867182637353758e-02
3.386891167433803834e-02
1.487403396230190487e-02
2.259363848396560293e-02
2.851405823639226872e-02
2.109182265552643834e-02
1.653102305672473704e-03
3.404016880987160293e-02
3.796759731297941198e-02
4.075809236994607648e-03
1.215118547715629202e-02
5.834628986815543900e-03
1.025192136195903631e-02
3.997180446491931105e-02
6.038568121959242418e-03
2.660421696741750719e-02
3.376182802390389343e-02
2.047884533687356623e-02
1.641453057344333111e-02
1.707726155321264913e-02
1.952161518046718197e-02
2.980189445584535799e-04
1.776019036488711914e-02
2.648283637895030782e-02
1.739578619779755253e-02
1.304935311495692730e-02
3.160612947130126554e-02
6.194284015662953995e-03
1.220263828011541700e-02
8.381240935041711897e-04
2.715637603697738239e-02
2.038624853214437288e-02
1.875399732485432151e-03
9.001524905377240524e-03
3.970408725540695155e-03
3.347805705354683914e-02
1.999280004755896872e-02
7.986146557591672010e-03
3.139808980106167935e-02
2.081433804959673117e-02
1.881596452529890953e-02
1.687999469144455672e-02
7.814438416787750086e-03
9.835299315405618761e-03
1.816843569195012364e-03
3.453598550702885635e-03
1.070448919315931252e-02
1.717110011376261685e-03
3.227809202139123035e-02
3.680714182301730170e-02
2.724142497137498065e-02
2.531560660704774979e-02
9.898582421435068654e-03
2.125292143675816883e-02
1.568803493782847808e-02
3.312521145974409165e-02
3.198213090703769246e-02
2.550405861450182401e-02
2.224138997248432253e-02
1.701460094495244393e-02
3.748897275558701891e-02
1.407939521456197558e-02
3.266215239979927687e-02
3.463025627477615137e-02
2.375142116992010749e-02
2.371223599006212421e-02
3.907675365294235870e-02
2.146626231568148080e-02
2.644379863129851793e-02
1.237153480924355238e-02
3.504367253377058122e-02
1.616920606171762947e-02
2.073671913370231899e-03
2.025897241137439991e-02
2.575045809958517035e-02
2.568796319746131842e-03
1.873078818365059295e-02
2.784048180219693761e-02
3.603549795783350662e-02
3.997698192182858740e-02
1.965240462261057947e-02
1.988219801242563714e-02
3.610464590927305734e-02
3.555362826357615080e-02
1.681198431726133730e-02
9.757921574447903437e-03
1.563881129728526831e-02
1.065506869422378627e-02
2.374735993259866063e-02
1.756389282839976654e-02
2.768620140973403199e-02
5.567584721405754132e-03
4.865928084038371147e-03
1.415302260307269673e-03
3.618208658781998238e-02
1.404631847545479741e-02
2.391926026279220935e-02
2.742558756648238831e-03
2.128475726479916660e-02
1.984752270318041953e-02
2.375377907058049548e-02
3.853095347293768874e-02
1.355151596119416255e-02
1.743263297274680323e-02
1.175351007234205249e-02
2.813914579464308133e-02
1.074309876197801321e-02
3.958610436647589173e-03
3.304307493947129110e-02
7.788679754041218962e-03
1.923887586344189687e-02
3.913275259086432256e-02
3.403630932632821515e-02
1.256784298149569989e-02
8.801319285905377654e-03
1.223904749596346937e-02
2.229348268197631905e-02
1.937201572502109679e-03
6.446580414618079818e-03
3.826498830466526502e-02
1.697323725629332550e-02
3.341624936695406639e-02
2.035132567414228363e-02
3.427376014526477971e-02
1.862848269486424430e-02
9.837475224865865550e-03
1.542661913559019438e-02
2.612198479657057426e-02
1.228612207319099668e-02
3.063622733060113526e-02
3.442591310927278769e-02
2.279645064046583944e-02
2.232959403785244462e-02
