1.968472019553488273e-02
3.521419871940863894e-02
1.896123283549823110e-02
1.583102880559980608e-02
3.882918167919684627e-03
1.356561124400398194e-02
2.093664228697243376e-02
1.617285390952265256e-02
3.834683685325500357e-02
1.958133993245852675e-02
1.332035211538951623e-02
2.422716785102295434e-02
3.815699323154827377e-02
1.860738206868120526e-02
8.008239675872407849e-04
3.987275708977146976e-02
1.662208080473321888e-03
1.292428158432129374e-02
3.471364024710978796e-02
2.085421957972840787e-02
2.273536758733715746e-02
3.470363117541097608e-02
3.539989079136285095e-04
1.964862223410755032e-02
1.083128344619922745e-02
4.446685633084861144e-03
2.589223122959530970e-02
1.939440691981779777e-02
1.138874938387019961e-02
2.269681514569963504e-02
2.946602620514264873e-02
2.772703875637619678e-02
1.990684962624040405e-02
1.313117927642862108e-02
3.614428227016179551e-02
2.899723703458088105e-03
1.662018242028585890e-02
1.121525061698805739e-02
5.411515849302093485e-03
1.632136156276606850e-03
3.133117162547692514e-02
3.479330309030449070e-02
1.612326403868071661e-02
1.696106708877353000e-02
9.421342186606279992e-03
7.132621328635248802e-03
1.436925042905520464e-02
3.808954559375445775e-02
8.309749187590788344e-03
4.060269477689639611e-03
2.754058557902644075e-02
2.077295365014559386e-02
8.565115259405953413e-04
3.194042864072310639e-02
2.211307737347284821e-02
1.454178255389243675e-02
1.762956145892259976e-02
2.367353621294443489e-02
3.452130332294327947e-02
3.954078279186686029e-02
6.462028178918095486e-03
6.661555084790147553e-03
3.558970721928225375e-03
1.829549457352321398e-02
1.185932402605547427e-03
2.855386495278083511e-02
5.528385259652099544e-03
1.856388777606531038e-02
2.906088734545315966e-02
3.498299969505034440e-02
1.433751576361930700e-02
3.832127861052432583e-02
3.625825645297721389e-02
2.326696904765017393e-02
3.034809069850663565e-02
2.737496842896294108e-02
1.130895459211190245e-02
3.113419004180792080e-02
1.737362629519620394e-02
8.894862276724624026e-03
3.557872489560770513e-02
1.738340828676887898e-02
2.223263279916372348e-02
2.486438417443484830e-02
1.889531827672492545e-02
1.613694587739915309e-02
5.397454244902327031e-03
3.953746736651356924e-02
2.514323601087166751e-02
2.237544287449295261e-02
1.088511275661096546e-02
1.423724310487091242e-03
1.261438778079628821e-02
2.853945433619678798e-02
1.473559731674712291e-02
3.596450821371510037e-02
2.104514249590775515e-02
4.095686474911191394e-03
3.788891324975552505e-02
7.864154080980534714e-03
2.051999929612212045e-02
1.689578376975078150e-02
6.202037572851874965e-03
2.105205336796478130e-02
8.080017680815348644e-03
1.075023337329068449e-02
2.108058402434698567e-02
2.777578760948434464e-02
1.329416277829448441e-02
2.437197042499967409e-02
1.085199365247000065e-02
1.814766666673817217e-04
1.730964012232079005e-02
4.903789054598579542e-03
1.515711972420887010e-02
2.820960023218654824e-03
2.432562024345341807e-03
2.679871800669209048e-02
2.361267880131075192e-02
1.369044786786556035e-02
2.291299800174057336e-02
2.890161299420612902e-03
3.503737558504018551e-02
3.716329289430274352e-02
3.244711146672351471e-02
1.946106698541997040e-02
2.043016842147827791e-02
3.075439153234321016e-02
1.927936685957180873e-02
1.314588033446129111e-03
1.664818960196428124e-02
3.041286051372211335e-02
7.156168043000352488e-03
2.227967855728872279e-02
2.204619317069860668e-02
3.961567732805741648e-02
1.238617850853498438e-02
6.866823357133977970e-03
2.778532957346985938e-02
2.773685284403229825e-02
3.451905785048228065e-02
1.076673141913381954e-02
6.686677686463537735e-04
1.189020882257599623e-02
1.643726936141376438e-02
1.886758247568653881e-04
1.699023196068820754e-02
4.080900806766729746e-04
3.550304797402389911e-02
2.388498304232468047e-02
2.905575800595808916e-02
1.247912466748379856e-03
2.232734263848437997e-02
8.080088747735860236e-03
3.364491193907857055e-03
1.658516085600525436e-03
2.756989788913388403e-02
2.592281495490733612e-03
3.235748819198836640e-02
1.532487002136018184e-02
3.849912995947225164e-02
1.726039029516615022e-03
2.696717894758534836e-02
2.897638119063064913e-02
1.914069500950145095e-02
1.763625901425435252e-02
3.580000248659796769e-02
3.152661662841964307e-02
2.875814971834957448e-02
1.207854962158024653e-02
7.042979643547510847e-03
2.549603948532314784e-02
4.229980215154797996e-03
2.004520624746356297e-02
8.122876773549028012e-03
2.995977977545282930e-02
2.112456776461530891e-02
1.335580351892609423e-02
3.330800400500336794e-02
9.561966512964170575e-04
1.385253117141917178e-02
1.152376394953958695e-02
2.647448440575699696e-02
3.466355898755083681e-02
3.989503780899128493e-02
3.801085963287387931e-02
1.483398198939526839e-02
2.451106810330758862e-02
3.380243479515256111e-02
2.151209368036592975e-02
9.901392671376236035e-03
3.649568704173609263e-02
2.579314401923582609e-03
3.378665424006527945e-02
7.143838443618992680e-03
1.176125810724268014e-02
3.745370478276670301e-02
2.943985000237802838e-02
1.674373322726604649e-02
2.129598830488309280e-02
3.789578983852265326e-02
2.973150967768647263e-02
1.902016563734733670e-02
1.590846241726413118e-02
1.799377336727514196e-02
3.852574125576855441e-03
2.612607094369450225e-02
1.303600364433707935e-02
8.430333105037650376e-03
9.119162592404665355e-03
3.356690325662072677e-02
1.697160761607928794e-02
6.868916819112618095e-03
3.995570275415247230e-02
3.294474725247988761e-03
2.089120946748540888e-02
1.437321933893748356e-02
1.399992692701117550e-02
1.358887497039679843e-02
3.985400279102493774e-03
3.588926884513063409e-02
2.122149129833540704e-02
3.140209041646210841e-02
2.291338847490990982e-02
2.416907347612824372e-02
2.858690834397625965e-04
8.533872251571877551e-03
3.605508316073311598e-02
2.651885920294483681e-02
1.162827328052141486e-02
3.170850636701692815e-02
1.529375068875855198e-02
2.149463697292929021e-02
3.376832779045903926e-02
4.890508272920821367e-03
3.337289774144613225e-02
5.535241915027544176e-04
3.512947524424356316e-02
1.919090955479285567e-03
3.872670365334766884e-02
1.671397865368267482e-02
1.709300802985612780e-02
2.173385804606208990e-02
2.963729887606651736e-02
3.813493543353296822e-02
1.679919025121212606e-03
3.956352912322487481e-02
7.385795561494688105e-03
2.100374755765871057e-02
1.283964064146329539e-04
2.548016269736184253e-02
1.369920911639666873e-02
9.734160564801856057e-04
3.138061367970072790e-02
3.581371508845625912e-02
3.806472840966305948e-02
2.413596355667200696e-02
2.231668153805940052e-02
-1.119789174802367834e-03
7.918378282090032111e-04
1.729811374934671353e-02
-6.496724983364603884e-03
-4.060150041492682077e-02
-7.214778068601873651e-02
-1.015225825688049477e-01
-7.271892016932735014e-02
-1.732420256405665937e-04
1.420341981448886848e-01
2.408759909858860515e-01
3.044857237226716862e-01
2.652297585252755829e-01
1.115343699516688630e-01
-9.839804006732066899e-03
-9.005722279781491757e-02
-1.198386958402005015e-01
-9.077934690256540817e-02
-4.179298618362023432e-02
-3.372444908021676041e-02
9.072824412625853790e-03
3.029116674296636856e-03
3.675282080118411239e-03
1.473903202032051177e-02
3.702520879663624698e-02
3.786108868550641660e-02
1.795247801883033054e-02
9.282959028049804148e-03
5.716747955776684681e-03
6.971168994623170093e-03
1.592277105963096212e-02
3.291569219289509213e-02
1.153405446987070503e-02
6.204044477485781521e-03
3.981378324615229142e-02
4.599377017455735621e-03
2.693263113433468775e-02
3.372170683057033186e-02
6.527995635442196236e-03
3.971222415639392989e-02
3.277504552026448952e-03
2.167197822318903122e-02
3.138424048635213293e-02
1.127167687469725690e-02
1.850299673882628906e-02
3.585232176076629234e-03
3.797608011647208431e-02
2.428993187377596202e-02
1.443267471042277220e-02
2.389087182541745069e-02
3.091556618306173093e-02
1.619206649444049351e-02
1.344063929662992624e-02
2.973536383428947594e-03
3.949340884179348976e-02
1.618954159454864122e-02
2.831233326019374705e-02
1.649181083875666046e-02
9.136273553049845163e-04
1.519051567008225002e-02
3.184080048762314569e-02
3.183108327632296758e-02
3.349070394034693587e-02
3.701232953250445379e-02
3.995398055235881152e-02
1.183793857515720235e-02
1.467632881285949216e-02
3.647548288665779931e-02
1.304917738100001660e-02
3.285430357386774636e-02
1.699649479080722614e-02
2.041581761673511367e-02
1.630708056604598596e-02
3.978862580798734477e-02
1.447507324133904053e-02
1.930722780400910554e-02
3.541289627869707857e-02
2.487867385238154427e-02
2.128724949972296901e-02
1.986302913819382263e-03
5.977148275762607030e-03
1.927889215965013919e-02
3.556017552696004447e-02
3.769032015421968501e-02
3.629538223652713225e-02
3.697986260208102616e-02
3.385390443127798965e-02
2.726731742571178799e-02
1.456403782487827349e-02
4.012716811310292758e-03
3.244603163970455340e-02
3.716362737986325659e-02
3.514349515255281442e-02
2.675130472203825563e-02
3.861702385084047479e-02
2.720734546672739715e-02
1.596906351997282036e-02
7.785859204437728040e-03
1.839814200900711377e-02
6.604780515732087444e-03
1.739054747178190446e-02
2.624974402319991615e-02
1.944424721459292460e-02
2.895827568879797559e-02
3.764673447245155038e-03
8.684573125907592631e-03
2.427086499481394266e-02
2.186200425708433384e-02
2.016874933688146687e-02
3.406907770553894987e-02
1.326813985414925651e-02
1.746624488807224738e-03
1.548835442194258956e-02
1.788863798747436853e-02
2.968889509626039189e-02
1.011617573663987565e-02
2.362265447863344525e-02
3.248323631560296604e-02
2.530288235199029331e-02
7.754390565353186035e-03
6.146601270863238757e-03
3.527155611129628027e-02
3.914293025081699851e-02
3.817233981050818792e-02
5.552247143125623938e-03
1.711733216894251175e-02
2.826191209120477998e-02
1.152424666305367287e-02
1.706846779989054652e-02
2.415036672394609008e-02
3.836867509242276701e-03
1.822759938750724562e-02
1.503156614154548248e-03
3.585859844682109943e-02
1.631779648614591072e-02
1.979205374762734587e-02
8.115947140194274684e-03
1.755138893094888505e-02
1.681189694958218003e-02
3.567959389428973505e-02
6.577175831814065753e-03
2.707858068401632068e-02
1.566150505257969672e-02
6.427396988641746745e-03
3.303443028739893456e-02
1.740576604284225712e-02
3.707852070298296027e-02
2.363529057736135641e-02
1.790887988587304414e-02
2.593139795447702706e-02
3.631506399330680646e-02
2.231738714164841625e-02
1.052971107157545409e-03
2.326885453973048801e-02
4.314263378193068481e-03
2.639964293279028693e-02
8.770813087628743371e-03
1.557034820816702823e-02
2.337417896458145877e-02
3.796797513104250427e-02
9.960057120902372774e-03
5.739671764652714420e-03
6.305912878275052834e-03
4.004505196464101281e-03
1.550655996608467585e-03
3.298961869518311080e-03
2.063784565372489901e-02
1.038048252748760038e-02
3.051000993156717869e-02
3.588866436330961939e-04
2.793181309359528408e-02
8.629254225218589702e-03
2.228248109349960024e-02
2.647201685204404395e-02
3.506444268368408279e-02
2.509132096865585373e-02
2.893645804430442642e-03
3.730376738344438198e-02
2.588695534632315734e-02
3.048162727003573408e-02
1.035941161188016525e-02
1.962209421458597017e-02
1.199538539060812474e-02
3.015116998172296878e-02
2.022044713414155107e-02
2.379864201012677274e-02
1.623234807669469157e-03
4.905228115739723553e-03
6.913560138600165217e-03
3.244008784291656233e-02
2.326671594444755520e-02
1.685962348987417574e-03
1.204322747997033094e-02
3.351729801293765881e-02
3.765598302506983908e-02
9.066027745685585268e-03
3.213071877028372131e-02
2.375081872771183170e-02
3.242135520205776528e-02
3.400957982308500105e-02
7.277910171125379340e-04
1.369119420465817263e-02
1.787672634207630989e-03
7.397443985550328921e-03
3.312277524701243148e-02
2.576258816255612080e-02
2.363554063249790477e-02
1.072731329225557959e-02
1.233659830886244153e-02
3.871518166374551817e-02
3.932665482042188576e-02
3.795200246991632664e-02
8.679372630089421479e-04
1.298513433425426897e-02
6.463404006367952023e-03
2.371153278190133232e-02
4.706255178500206920e-04
3.688996810053351422e-02
3.705380694228501554e-02
4.485179085164272932e-03
2.493721897954521288e-02
7.410554738379691343e-03
8.757555628075763474e-03
1.983138803256760674e-02
8.256552210250976687e-03
5.100825237840638481e-03
2.561213238939939046e-02
2.408894374410252767e-02
2.716750535214194125e-03
1.742335155454645748e-02
2.247237203092533261e-02
5.249048966335037245e-03
2.125083243743353112e-02
1.268877035967620227e-02
3.483938761299012338e-02
2.247401337337774987e-02
2.521715990008267447e-02
1.370717680301474645e-02
3.148433936867460481e-02
2.084847137755354088e-02
1.262808382757236308e-02
2.096287393256764803e-02
3.195888166876847958e-02
1.828172162438858675e-02
3.877386414173879248e-02
1.478207575880467577e-02
4.406047468045561685e-04
3.969431209460273779e-02
2.663958222921139485e-02
3.971331343849431733e-02
2.452347838499860377e-02
2.424273181501822305e-02
3.741418210114203641e-02
6.469777831993160644e-02
9.656352714707797102e-02
1.188197120707632781e-01
1.251801663275899368e-01
1.203984249354501934e-01
4.501780645549410820e-02
-6.237378256618903577e-02
-1.834335326157594814e-01
-2.483094974497880025e-01
-2.123720094048148765e-01
-8.105091425669044836e-02
3.233450555480969768e-02
1.210929354441161038e-01
1.532514636423178978e-01
1.160164518300918352e-01
7.277340881369781522e-02
3.334064675525305610e-02
3.777023181281505965e-02
2.714568310372626747e-02
2.321411328200408131e-02
3.191348150117080673e-02
3.845172756252937876e-03
3.913905545477737447e-02
2.580991864813686129e-02
2.767344631265409444e-02
1.340115248126684359e-02
3.315086580407458627e-02
1.228064917187213223e-02
3.639273567326170578e-02
3.390700725964144319e-02
3.664482501177126865e-03
1.745658627686040576e-02
6.126063945869630184e-03
3.888753699535058006e-02
3.152332529474377587e-02
2.215428676482350881e-02
3.024742474953807242e-02
2.487224476203099555e-02
3.174205758522431059e-02
3.606998575066198282e-02
1.765681196374208409e-02
1.435176278632910828e-02
3.739465023213332101e-02
9.609098307268047756e-03
1.422063570956210755e-02
1.638252604345375243e-02
3.446265597855615453e-02
8.108766197798225606e-03
7.987470480161875525e-03
2.628858704950614439e-02
1.132290692474656121e-02
2.826392772312509571e-02
1.097127908429562128e-02
2.644641238706241584e-02
3.703667039874489197e-02
3.926226017445692829e-02
1.742986625775704360e-02
2.957686138209459845e-02
2.076623403970459872e-02
3.125661846969492869e-02
5.682557900727445294e-03
1.201172706162704010e-02
1.881899025414469602e-03
5.720873202732528265e-03
3.908179183651363554e-03
4.836083481341575674e-03
7.610981233888799340e-04
3.435921997095452846e-02
1.877172169254019002e-02
-3.945257651373337837e-03
-2.869255984724203984e-02
-7.586484222639797159e-02
-1.233709274246943960e-01
-1.572840038622209669e-01
-1.105071624117126700e-01
-2.584300609978532753e-02
1.660842169240848709e-01
3.245050599876826425e-01
3.962030668818637968e-01
3.175109206209105195e-01
1.655327694013677964e-01
-3.794634526178557177e-03
-1.054825636280185691e-01
-1.374676693088740798e-01
-1.215073712116604698e-01
-5.342377820520434473e-02
-2.576068810971239575e-02
-5.643370352294275333e-03
-1.892380445339680861e-05
2.428631404431241120e-02
3.208935266144029297e-02
1.393262645259456256e-02
2.584252041725699015e-02
2.091086289808959456e-02
3.608189281279475247e-02
3.436966373645223422e-02
2.771864722214827104e-02
3.967770740423322284e-02
7.627700527869354409e-03
3.177316969374840983e-02
7.039357011388400198e-03
1.879138394028677991e-03
2.948131581108117197e-02
1.245357974149931268e-02
8.848580760046007021e-03
1.256001157455440692e-02
3.366655515514431485e-02
3.143337242308919671e-02
3.023919021831161444e-02
2.020999584300131602e-04
2.377791652709794479e-02
2.184637046826438944e-02
3.979332607082607803e-02
2.856234651194173788e-02
1.829182127806010250e-02
3.636364929594744499e-02
2.789387345621077274e-03
3.695580821736125371e-02
2.366208377150805578e-02
2.960861600672404573e-02
1.176655169303031422e-03
1.120872979418897387e-02
1.799814376851571404e-02
2.370311712722443509e-02
2.163669433399427466e-02
1.720835472822219644e-02
8.336611851120804759e-03
2.560061364166878878e-02
3.653371577193869485e-02
3.773771304559006556e-02
2.100804384950440487e-02
7.542294302548637787e-03
2.662330929365743296e-02
1.031521786962086296e-03
2.700858028341479242e-02
2.456716188430476538e-02
1.324443866448811805e-02
2.817401037247706935e-02
1.975792432185281486e-02
2.181005677996192965e-02
1.715114439825199052e-02
2.339266321874733465e-03
3.973134464438819041e-02
1.893163344614337551e-02
2.921977030156889046e-02
1.329696227195937414e-02
2.439905093721827026e-02
2.507622532273495047e-02
2.156661074011110776e-02
2.418901249681880070e-02
1.377577164356742420e-02
2.974868099064460498e-03
2.221932669186612620e-03
6.296981453980410662e-03
2.668495363989556446e-02
8.724519010813605244e-03
5.884580415248880786e-03
8.208829736353498094e-03
2.161444431541462846e-02
1.760192557335468408e-02
2.642046091910167649e-02
2.100972140985224446e-02
9.098273779448584489e-04
1.427228734194219140e-02
3.099772347375720494e-02
3.142696278588420072e-02
1.620056893608871201e-02
3.220532605743157972e-02
2.359870053362500553e-02
2.732841056832682747e-02
2.902562029732328255e-02
2.559047903943806671e-02
2.420893157913679358e-02
1.965951915040471329e-02
1.362419220171502470e-03
6.673372362674121101e-03
3.072907562111657984e-02
2.823327346921663400e-02
2.468531316747523199e-02
1.268771119009929130e-02
2.579445897938493007e-02
3.185289199163914009e-02
2.419864949088031125e-02
1.286632438931521391e-02
3.007776279019585067e-02
2.491376643601435174e-03
3.604012348638332280e-02
1.936741724415039570e-02
3.356132598389614807e-02
1.743993899595738459e-02
1.538293865366445468e-02
3.109198555682418305e-02
2.940729693492846394e-02
3.011466174135396870e-02
3.107791211899751591e-02
8.609316360636500368e-03
3.789751396652633886e-02
2.999891591161461465e-02
1.567295777151516550e-02
2.632879423344965109e-02
3.414065846997409864e-02
3.929725891458358406e-02
1.747259514305168904e-02
1.744980704641835995e-02
3.729715970127023272e-02
1.689272348548229163e-02
3.219973485270007010e-03
8.267724093703328683e-03
2.966584487447325447e-02
1.890462369716821049e-03
3.479449480083903617e-02
3.095784691738688935e-02
3.899933954774330736e-03
2.003063722429438906e-02
1.454167824673098693e-02
3.289454366118915035e-02
2.657647149921054872e-02
2.479683037080940289e-02
1.929766823201358936e-02
2.447369199934158746e-02
5.005312123240086147e-03
1.060446516577054181e-02
3.808772968689700528e-02
2.796350265855639117e-02
5.130677701261885520e-03
3.500472151046937763e-02
2.888928737929322144e-02
2.766966847357317169e-02
3.399653377869888554e-02
1.642387366770375542e-02
1.422476517382343687e-02
2.260035085059402399e-02
2.079250083641603995e-03
1.648648246922207808e-02
1.318667937877493999e-02
1.407041665499211315e-02
4.636356288387814828e-03
2.665330500791744921e-03
3.270313354982955917e-02
1.934832074388941883e-03
1.873752357761403415e-03
1.022146656542019354e-02
2.366942766170360493e-02
3.132886148975572160e-02
2.109001704281192671e-02
5.242708788158950868e-03
1.039054456076862927e-02
7.844791711677876617e-03
2.735320786117395597e-02
2.525969498696059579e-02
-1.799332867262432717e-03
-1.058558511699274340e-02
-3.109192479085379560e-02
-3.261082265197298019e-02
-4.960237731145657192e-02
2.189216316922407493e-03
6.944875350863416452e-02
1.594491349841587191e-01
1.641624003479410787e-01
1.417271115697223693e-01
9.425525031003451071e-02
-9.635096450279038993e-05
-4.841641168012671137e-02
-5.329979111044833712e-02
-1.550489635003174382e-02
-2.693597112166025431e-03
1.595533154987050645e-03
-6.709679914346697825e-03
2.131139064953001261e-02
2.884220312028260708e-02
3.551705414490258228e-02
2.184304368848919570e-02
1.525585361637552678e-02
2.356472657682092547e-02
1.854807639720131712e-02
2.781938557134734646e-02
1.526953041224806892e-02
2.011429998413433520e-02
3.409173524090038099e-02
3.875654592227766732e-02
3.878819061205507346e-02
1.280341040649648869e-02
2.584733854057022495e-02
1.417657823244661969e-02
2.780424171255096999e-02
2.514106942463621708e-02
8.036877017879672999e-03
4.804442387589080536e-03
3.254579311688208295e-03
3.879010365613124595e-02
3.921591876334940691e-02
3.226386224083792331e-02
1.088599800113338942e-02
1.531104119791251196e-02
4.861967775228781367e-03
2.012316270233630716e-02
1.258591827065803914e-02
3.702301087435815041e-02
3.058708456539124820e-02
3.587132124970273533e-02
3.188760076805426114e-02
2.409155520194321623e-02
1.882542875184102515e-02
1.188948282305099698e-02
3.906022623612812744e-02
1.669660613418903761e-02
3.905724815477120901e-03
2.465505726686195373e-02
1.285618643243032974e-02
1.474377686622396813e-05
3.892486838433394797e-02
1.432880731973308619e-02
1.886806538556007329e-02
9.971045424939393997e-03
9.108642174218256268e-03
1.331252672505215187e-02
1.135009870739493547e-02
3.206369325601325995e-03
1.620135415179782545e-02
2.259292260196337984e-02
3.421380758870577743e-02
2.591546930885020236e-02
7.395110880921724333e-03
2.847000682837016669e-02
1.656084276637380739e-02
2.976227114835472529e-04
3.423206552465943298e-02
1.728928090760407932e-02
4.633181885955752442e-03
3.736353045752704299e-02
3.008854902788753519e-03
2.920336108482809306e-02
3.568008650081310601e-02
9.495244634097765738e-04
3.276517452569051303e-02
2.527982843050996173e-02
1.224394197919468144e-02
2.095164557429069624e-02
3.467424340163516479e-03
2.226364685783492614e-02
3.699866276544625660e-02
2.550050923243406265e-02
1.885909911357961386e-03
6.280659433775053271e-03
3.788927800028099591e-02
3.803038064974477439e-02
2.055462567728524176e-02
2.301482155364789964e-02
8.769711222168217329e-03
2.124885425311093604e-03
2.532829654361108684e-02
3.205428144119243372e-02
1.332595758340441097e-02
1.456250432783115327e-02
2.369109872792231689e-02
2.636883065337220639e-02
2.771309344846263970e-02
1.024621701277241351e-02
5.717857169521951832e-03
1.247798836730124733e-02
3.620809569028354824e-02
3.110249758102047804e-02
2.483256173271159925e-02
1.332460092790891185e-02
3.352456733080120231e-03
1.981639584954861255e-02
2.577678578458632297e-02
3.632381884381003651e-02
2.063180754198117115e-03
9.764275940401301096e-04
3.050775914411896217e-02
3.572853795777822250e-02
3.643298819103202996e-02
1.352510613390323080e-02
2.233913418249308669e-02
3.544744853141199720e-02
3.540619469689190377e-03
3.752586844369081194e-03
2.343811590914901197e-02
2.950910908289094969e-02
3.761897042378560541e-02
1.919508243126006805e-02
1.981956911850004787e-03
1.225656100225036051e-02
2.537792639186945559e-02
3.150652402947264757e-02
2.730644000956267484e-02
2.976102227847014087e-02
2.356363368671646544e-02
3.104961054072616355e-02
1.271932763598197097e-02
3.236759648291239605e-02
1.726190904859409639e-02
3.048767580530523796e-02
3.244238825293093570e-02
1.067164609518305189e-03
1.617878964587711466e-02
2.611979461061674293e-02
6.414110946115104007e-04
8.897194198163456760e-03
2.174727654593617762e-02
3.527563336444770881e-02
3.859759972928811927e-02
4.987556485831157183e-03
1.178937210688870210e-02
4.744846166114547077e-03
3.415614511349455290e-02
1.819343867821906352e-02
1.492275465964318544e-02
3.025249724828165190e-03
9.398102434630808966e-03
1.383592788867745935e-02
5.081739228640986400e-03
1.141018552706558626e-03
6.033977160706758061e-03
1.937140930875068737e-02
3.511641131483628914e-02
3.238688974390539072e-02
1.040138872913332069e-02
3.667099992035924988e-02
1.908277813290827629e-02
2.509674243326117521e-02
3.282590180365289184e-02
3.144316857829595330e-02
2.209486286887798329e-02
8.199447397913894658e-04
7.892790229507623198e-03
1.547020892650379301e-02
3.671971089345894140e-02
3.251539784466783017e-02
1.508984136473873368e-02
5.924838753440750741e-03
5.786630084582466971e-03
3.923280823846830617e-04
3.158330554882323588e-02
3.383443639237993135e-03
2.099616188528814070e-02
1.175576770413708748e-02
2.533623579403970066e-02
6.750469190647083451e-03
3.929180228175171985e-02
1.386630666691770391e-03
5.463203199190358461e-03
1.040858360500731064e-02
1.491607144794723956e-02
2.157520574748217346e-02
1.791827675896741356e-02
2.876485578559907774e-02
9.944812320091709137e-03
2.393714174492487211e-03
4.948149035223181570e-04
2.586154962115792821e-02
5.227809040050331035e-03
3.843833053993628984e-02
1.231588557563988162e-02
1.063628530794344905e-02
4.683125427757120311e-03
3.756289132796493402e-02
2.486148521174538079e-02
2.822084399648674968e-02
6.210810362270384466e-03
1.410533419680182199e-02
4.835951741836534701e-03
5.615179453326413390e-03
3.653235375228036652e-02
1.343587156595161224e-02
3.863527863072920704e-02
3.449849516030192159e-02
2.174483495413058465e-02
1.065022294361896160e-02
3.710572681282511831e-02
3.682746527107001733e-02
2.965597575638662803e-02
1.696947669260740008e-03
9.628487986564841783e-03
1.350364441281274447e-02
2.521094110601219615e-02
1.121079220824412921e-02
1.293457285978640361e-02
1.805307904847224670e-02
3.322825922631293671e-02
2.832821658737425669e-02
2.726235343119940563e-02
3.303740811498982050e-02
3.361440685621937263e-02
1.504957620572400755e-02
1.831788770336978747e-02
4.620825780469521755e-03
4.847088511499668406e-03
