2.087223100534564210e-02
1.735860076157793490e-03
1.854306401254386498e-03
2.940543609917740941e-02
2.755660154702802705e-02
3.755749835353301008e-02
1.209651047817761425e-03
3.094972210938180465e-02
1.261662539823166056e-02
2.375363332925799556e-02
3.579846547254501854e-02
2.189631268976155801e-02
3.376843548748018758e-02
2.601888607101378315e-02
2.109772881213045972e-02
2.295146508814064484e-02
2.401594982036715786e-02
7.414556951242614290e-03
1.931795533694129555e-02
3.172746036535241398e-02
2.422236952365059565e-02
2.206514538551787585e-02
8.073025564986062441e-03
6.095272649641150439e-03
1.967361156804873362e-02
2.426166422192759051e-03
2.228069917171253758e-02
3.682718668634286149e-03
1.865840923724078337e-02
2.279736229538602277e-02
1.425937115732145433e-02
3.019443033735618245e-02
8.179167416812779812e-03
5.724878734918781298e-03
3.046184579543904578e-03
3.179747983393999694e-02
9.613127437757560192e-03
4.893521245893595268e-04
2.665221512954361882e-02
2.587539481738396902e-02
1.750341743790019555e-02
1.584851505188253004e-02
3.331377663323373609e-03
3.615670352708670945e-03
7.803181117395165817e-03
2.024310398963592370e-02
3.103782989473453935e-02
6.410674506856533193e-03
2.262776146411929826e-02
3.886227262798844923e-02
3.906160337541347838e-02
3.003741677191193102e-02
2.520213814782552506e-02
3.853906915761746987e-02
3.980219667816024126e-02
3.334109053043485954e-02
1.794922450267671596e-02
3.675966772504966201e-02
1.029808437288011122e-02
3.238894921125903131e-02
1.039680448060603495e-02
1.957015671631620601e-02
3.159185429544777990e-02
7.368957533061460188e-03
2.002039893975387369e-02
2.946395490948825521e-03
3.542567116526566806e-02
2.794747141444103161e-02
1.718827456726998437e-02
1.284032708366572746e-02
3.271621957930101465e-02
3.011412103075963853e-02
5.335307642959819137e-03
2.484706468694411821e-02
6.139730977893061159e-03
1.741740568919563498e-02
6.383415678023886958e-03
5.088415828936825210e-03
1.368601901240262863e-03
1.637140850630332267e-02
3.336225887829427639e-02
1.369134420928898657e-02
1.702228025922225899e-02
3.001066073064522291e-02
1.382840819312832967e-02
1.415403911735571389e-02
3.608295430045574403e-02
3.420638966375227907e-02
2.486074409453373560e-03
3.846506049262429783e-02
9.137251172150957432e-03
2.555885273233693064e-02
3.315039717837611755e-02
2.853391184676161429e-02
1.096875264877330593e-02
2.062351367238399874e-02
1.572717980116240463e-02
2.892684051961292788e-02
1.725818163934947358e-02
1.460148346353419037e-02
1.068468045538875123e-03
3.489902077143614001e-03
5.822203530910998945e-03
1.358025174518488060e-02
9.196746323641117812e-03
9.737105186423131511e-03
1.984702327756346363e-02
6.654568443885579797e-03
2.216894137418412548e-04
9.403434990148578157e-03
2.546536449132833640e-02
3.606013846324430255e-02
3.695985020777725616e-03
2.981987908808132054e-02
3.184127418089405248e-02
1.634609529635677738e-02
1.275430154600278032e-02
4.014897470226692563e-03
3.718091908289904157e-02
2.859953764869409623e-02
1.917900912218288567e-02
1.820865060690531750e-02
7.647069224230391461e-03
6.608890461452170823e-03
1.206600440900925525e-02
2.716899916066279480e-02
2.809825673170418189e-02
2.350039103880142977e-02
3.838808971372461437e-02
3.862458014965889502e-02
6.890624674330889446e-03
2.712719031131438511e-04
2.011326362586511596e-02
3.104006949560920645e-02
3.584888348310735773e-02
1.503784262534908420e-02
3.122554401837160376e-02
9.154675389763342400e-03
2.057490514288553510e-03
2.465940495208074693e-02
2.825199866966051493e-02
2.541317118897210622e-03
1.905690305657438410e-02
2.017604832984933733e-03
1.795474418822659568e-02
2.084519605054556066e-02
2.124880094565645763e-02
1.860802714086545392e-02
3.977719993689243089e-02
1.757320457093809740e-02
1.740744566919113709e-02
1.833656109364737233e-02
1.387179759596201233e-02
3.175982593146904360e-03
3.566880520625730164e-03
8.087749074720896117e-03
1.387385954768353795e-02
2.796056529607158364e-02
9.774154678457946249e-03
3.470893270422845123e-02
2.017474491964139569e-03
2.759976163133748273e-02
1.994351446575942308e-02
6.522978548996079089e-03
3.609154685018645808e-02
2.073248124808289156e-02
1.857381077191571500e-02
2.741195998736612946e-02
1.234352752517673367e-02
1.694546498115960705e-03
3.604398659904158031e-02
7.542184407251886248e-03
3.697745026072295216e-02
2.114975958636679948e-02
6.552198017459201149e-03
1.114367136361393840e-02
3.515533376033565249e-02
1.586273668623805597e-04
6.523306795624295162e-03
2.849745124061174584e-02
1.825784223862570929e-02
3.066635700441003309e-02
5.807021159207526387e-03
8.203737359288667402e-03
6.536695750011319028e-03
2.562167300057561700e-02
2.975466034451392655e-02
3.009773840972036762e-02
5.763994322102110324e-03
2.761692593379535404e-02
2.257396082548423881e-03
5.449233950853837882e-03
2.898005008010121064e-02
6.174406701334782255e-03
3.007997438870322823e-02
1.764756273335447989e-02
1.077462728570046692e-02
1.710009337666405782e-02
2.728539909355172377e-02
3.808104844147788218e-03
2.278799478936864575e-02
1.880193203982374883e-02
3.396786916495048159e-02
6.073592020190287863e-03
1.767191340480724982e-03
9.224217952789834710e-03
4.922275491328234436e-03
1.245092426579728906e-02
1.755466551783482071e-02
3.326320790809773886e-02
1.266820966864253169e-02
9.970240496581444373e-03
2.729235973180100042e-02
4.788255946147454596e-03
1.032720849813689029e-02
3.132936044355742050e-02
2.029334877913972074e-02
1.903437804668198230e-02
2.112345229094957089e-02
8.535558053084204080e-03
2.749793947189079629e-02
1.451050519947537018e-02
1.154206645611826135e-02
3.753174891814761716e-02
4.279774181768360858e-03
2.055536107786348646e-04
3.995834048680740880e-02
2.056184038883752951e-02
3.002497350252530603e-02
1.615934929546159957e-02
1.375700498830766116e-02
1.692426911900227551e-02
3.056733521518504443e-03
1.542328553732701807e-02
3.215167424500761650e-02
2.170511861857376407e-02
3.800037589412546147e-03
2.913870892616939740e-02
1.379307294868572023e-02
1.535498737070624051e-02
3.275655665023012586e-02
2.811398531484217075e-02
1.970084558487252349e-02
3.199284990976214438e-02
1.017888581155047302e-02
2.252803545278975889e-02
5.827459912984207444e-03
3.400701182449070506e-03
3.727320300574103046e-02
3.831043804748591325e-02
7.227515068182449598e-03
2.647511675116822130e-02
2.025310191768736959e-02
1.309198042855335038e-02
3.443578483026982218e-02
3.568487374049655186e-02
2.554875207995377026e-02
1.688723375161754053e-02
-1.550851086146738190e-03
1.497283416900192787e-02
1.365801379310282310e-02
-1.928239469353521321e-02
-5.120635463494456474e-02
-9.140942801504395310e-02
-1.110892535828445493e-01
-8.968472067662465463e-02
8.800995331597633725e-03
1.098900017451830691e-01
2.599116671056915795e-01
3.155564384568252945e-01
2.346549155501006234e-01
1.483049790482288688e-01
-5.753059960229466724e-03
-7.418627902680952069e-02
-1.231443979450426163e-01
-8.879899770985730245e-02
-4.376810814038682718e-02
-1.074521834783142074e-02
-1.242713870875153219e-02
1.264240639650948336e-02
1.698444966141235413e-02
8.635036645910011688e-03
3.954019080871936515e-02
1.291828530622311962e-02
4.194936139983424829e-03
1.409110216239865994e-02
3.599942292653605935e-02
2.820040752700158498e-02
8.245474411287100763e-03
2.138615000609871142e-02
1.834593537227500321e-02
2.386369816551197048e-03
2.750936111551388272e-02
2.645258898492031802e-02
7.902781546936838916e-03
3.120436190474574351e-02
2.480654925589246412e-02
2.966786860455599556e-02
1.384094792045376977e-02
2.123752018657392923e-02
1.051760965469439833e-02
1.724806788863363430e-02
8.247446674858119331e-03
1.658866118251088942e-02
3.181304735413399004e-02
1.062946948180910380e-02
1.262974296610991191e-02
1.605746662014704250e-03
3.767832443763441397e-02
3.966090413195183517e-02
3.596638319257920713e-02
3.317399398936064087e-02
5.690881665981990106e-03
2.193484092783716186e-02
1.892756115159045446e-02
2.509942694984177228e-03
1.552514229621032409e-02
1.965254630195961000e-02
1.225906780334215995e-03
3.373038231174677049e-02
3.495812187027171059e-02
1.299985535956733537e-02
2.377480886363092516e-02
2.527772525019584757e-02
2.553406007094848051e-02
3.710872225877099445e-02
2.952880362552050275e-02
3.760703516483647479e-02
2.577987443619589661e-02
3.737767583063864463e-03
1.218465061675238353e-02
1.418109878458708763e-02
1.582169906660606598e-02
2.147932364874325165e-03
8.452280391128242157e-03
1.241147007132596507e-02
1.375527492310798724e-02
3.688247107877593717e-02
3.551413413432014110e-02
2.550215371980243950e-02
8.909639883327784629e-03
3.625088175369946264e-02
8.416505448037315054e-03
1.159694684648403772e-02
9.856880554862730570e-03
1.894589214290384044e-02
1.502570011373521690e-02
2.439527512728229333e-02
9.446905886160403970e-03
8.355948588932973764e-03
3.586039777115359456e-02
3.620110826033958590e-02
5.750579232059416408e-03
1.403333475825820423e-02
1.483326103276073372e-02
9.265098310502173709e-03
7.510056488101110941e-03
1.127143000955669987e-02
5.636515982092111555e-03
4.449933464519038352e-03
2.286426181045383976e-02
2.093628019734623466e-02
2.060966752390455334e-02
2.302158534449949632e-04
1.511100406010399029e-02
6.495822130342410530e-03
8.027557676656424737e-03
7.807237408679670691e-03
1.457134378498641664e-02
3.279856233685739947e-02
3.286270419478224541e-02
2.791537181299967845e-03
1.736504876757781479e-02
2.515784189733984849e-02
3.798743344073669814e-02
4.725735399325028778e-03
2.877949626890892107e-02
1.809021473662363391e-02
5.913351782254849505e-04
2.750224074747191841e-02
1.082510365492430141e-02
3.087019282809010112e-02
3.421499038025926920e-02
2.682972123269129327e-03
3.930657404357777718e-02
7.597816518062469951e-03
1.112260362693774651e-02
1.186437599494733104e-02
2.907145304015655921e-02
3.312076480427211117e-02
2.972540435851893717e-02
6.996661538192477069e-03
3.732307821518938279e-02
1.328441964865248286e-02
2.505361441939032985e-02
7.950525629666565369e-03
9.536612176885301412e-03
1.348649290780781253e-02
2.415700041068065060e-02
3.729513402121419074e-02
6.317794453712410364e-04
3.300912449219844946e-02
7.084957194705277309e-03
3.579285868273315852e-02
1.598443688302100818e-02
2.222006167658717446e-02
3.688972995152180190e-02
5.598533424611322820e-03
2.805347624735431492e-02
1.883449029757820747e-02
2.456356609265996846e-02
3.041050598148694814e-02
7.197104733280532823e-03
7.569810730216790413e-03
9.344393402376733812e-03
3.702365478422197514e-02
1.903354018821240903e-02
1.112926631296174730e-02
6.733851773127730138e-03
2.729927731322005086e-02
2.038498514143237059e-02
2.483574746368519964e-02
2.509626871319272159e-02
2.228002096667236823e-02
3.598873518524774162e-02
1.334590376184540371e-02
9.933212383912981558e-03
2.318775909625942280e-02
3.231622899073225558e-02
2.660399699642202256e-02
2.975128761854279463e-02
1.167885120147608806e-02
2.841099292562196052e-02
1.619172420584298611e-02
1.975678780184020322e-02
2.411031877011704516e-02
1.481253208252698850e-02
1.037818084349625622e-02
1.677290878510010255e-02
3.828843909405078849e-02
8.446507349343939861e-03
1.866452045455065795e-02
3.067451821262834680e-02
3.744971059700524796e-02
2.900234613544044535e-02
3.863720737770632435e-02
8.989831442817451321e-03
2.546818498135692416e-02
3.460681031675325731e-03
2.530501207010535381e-02
8.746534969662458220e-03
3.696969886214603734e-02
1.237527453054592524e-02
1.611322001001444168e-02
3.044993719394478021e-02
1.973053685621091111e-02
1.647265838231163140e-02
3.956677638321375035e-02
2.506245086509728895e-02
1.243140843060328536e-02
1.274873396371181168e-02
1.112228514597877159e-02
1.408816868806359208e-02
2.940629432286613262e-02
2.741927268198546611e-02
7.502580557415110610e-03
2.769994640990642090e-02
3.779825380443767313e-02
9.168904363113052070e-03
2.841964698179509294e-02
2.072618758064302680e-02
3.460310182300867232e-02
9.099842917821430316e-03
3.926290235468496426e-02
6.946738257310269490e-03
2.099209561772524130e-02
1.482640912913863081e-02
1.752777865622701103e-02
9.173500243651222692e-04
1.634506655844210343e-02
5.294100319631023406e-03
1.843693279440410462e-02
2.835025242016752864e-02
2.882454217014057338e-02
1.271726731529803159e-02
3.250318907323271334e-02
9.693851829669864134e-04
1.614734283039886628e-02
2.839590010467062109e-02
3.202616023523170707e-02
2.021718372246157636e-02
2.408758185257109385e-02
1.706172192006192787e-02
3.826647805640698286e-02
4.861056476267124581e-03
8.074547500888087578e-03
3.845365549340654110e-02
2.182147441114393877e-02
3.897694517101419481e-02
4.705429921742095532e-03
3.008180859382673239e-02
2.132350262193471666e-02
8.425713451726372927e-03
7.091319619178201340e-03
9.046027848232272503e-03
2.032525578354941499e-03
2.166132015278088296e-02
2.365416720474825332e-02
3.552198380471425360e-02
3.750422076192719278e-02
4.782493735337043500e-02
3.493454532205439445e-02
6.565323697566904926e-02
1.209833538375666151e-01
1.431129149897159003e-01
1.005541048663374654e-01
3.593711068658905078e-02
-9.394442479022638293e-02
-1.972092317742458467e-01
-2.363684061592917218e-01
-2.090733421348404120e-01
-9.571798276162556129e-02
3.214244485890879743e-02
9.897367375459775740e-02
1.563877210037338816e-01
1.152930851898828490e-01
6.743094352059071650e-02
7.081878094901473963e-02
2.944241737245079094e-02
2.193321307278573926e-02
1.053662395559378483e-02
1.078492931362546019e-03
1.850718267219513338e-02
1.572881063668808699e-02
3.709914520723813641e-02
3.367503672874660320e-02
3.494552473673118859e-02
2.711911366872324716e-02
2.580134792238316863e-02
7.227980791665540583e-03
-8.019754552416874863e-03
-2.531351636235374541e-02
-6.058681616623198124e-02
-1.080242960775054939e-01
-1.511875990879389120e-01
-1.257095338665139006e-01
3.200398179312776564e-03
1.409799131778684544e-01
3.318666263299211994e-01
3.805965882228716790e-01
3.157096631185248858e-01
1.709914351867779791e-01
-7.375620661119415555e-03
-1.135256012298925532e-01
-1.259192923460629165e-01
-9.685185942318513819e-02
-6.121369179468676841e-02
-3.515934532940502566e-02
1.828422377297126214e-02
4.780794804122284053e-04
2.101472878126667623e-02
3.096499853027452273e-02
6.659182658869739618e-03
2.758188043461002551e-03
3.037721360635119161e-02
3.481877525885457986e-02
2.068883437968441555e-02
3.191289491521588639e-02
9.297807316082842138e-03
3.348733433204532234e-02
2.445722836602950978e-02
7.194168556714621368e-03
2.139293660407089875e-02
3.231940622886651793e-02
2.839850844992955481e-02
8.894030610453488792e-03
2.563194653903540232e-02
3.147656055216041526e-02
8.250995379499453247e-03
3.655659957310151281e-02
2.203298979184093852e-03
3.980011159003662979e-02
1.776629532308268700e-02
3.015404037641111756e-02
2.200779888372105322e-02
2.544641493474586805e-02
3.251261231413311859e-02
3.364752059988584260e-02
2.088487868556962446e-02
3.550399905745410534e-02
5.753055128010968987e-03
3.843842496427588712e-02
3.574878873920155770e-02
3.331607078643054887e-02
1.936781546019825800e-02
1.804053716854776140e-02
2.101758779256943099e-02
6.253926292491040866e-03
4.596386117255812746e-04
1.024846699968453602e-02
5.714362172907363514e-03
2.779323621526516228e-02
1.844261185484277060e-02
1.361431721467427653e-03
2.632563955732956928e-02
2.533055831421822390e-02
3.565133335348635857e-02
1.641521942070313031e-02
9.315651638683473609e-03
4.065361938377574404e-03
1.573631603294630560e-02
3.109960959554622026e-02
3.714555443217962272e-02
5.400784337777162630e-03
3.876141729777266703e-02
2.158200748299456823e-02
1.476941322893166042e-02
5.362571777979993799e-03
7.050592675262157445e-03
1.401151803689665125e-02
3.927884671361888541e-02
4.664916165523043043e-03
1.902622051556135396e-02
2.022917753935826388e-02
1.507035898477536093e-02
2.229924868733547741e-02
2.416023889511173528e-02
3.654375615053984117e-02
2.646981009660145240e-02
1.933450509902243661e-03
3.739246517065707848e-02
1.570059124074596360e-04
1.427510941413848850e-02
3.751490061270085913e-02
1.248979015210872380e-02
2.456319689197158235e-02
2.007892478527354557e-02
2.559159025402430940e-02
9.680692437442850462e-03
3.019086476893392476e-02
3.580264906895413296e-02
3.203715445304924220e-03
2.096241215767427959e-02
2.055395420521822017e-02
1.331438224231288985e-02
6.728105539049056109e-03
3.307783267355380447e-02
3.904256336544842387e-02
1.791385204918231194e-02
3.331534141699290380e-02
7.717155690840109793e-03
5.684787667465776399e-03
5.296297736720201495e-03
2.586794773401376868e-02
3.719765400172187625e-02
3.951344300482202004e-02
3.295275534351074787e-02
2.133232245381825459e-02
1.646088108286427112e-02
1.460797777553458042e-02
2.270280160599607439e-02
3.672488971984651240e-02
2.997625534443192075e-02
6.059353436532224392e-03
3.204069570212753765e-02
9.366245956816406093e-03
1.450353326197331531e-02
2.535317644565893212e-04
3.859026737091503234e-02
1.792606017343672739e-02
6.003082758289939383e-03
7.821093773547010616e-03
4.517030781053983646e-03
2.322887020491077800e-02
3.697608945782029227e-02
2.024691053414485672e-02
5.669439272638969636e-03
1.548992277593860475e-02
3.710398001488404707e-02
1.875319311000683137e-02
1.543175831440492252e-02
1.206101787861267247e-02
1.430622182515010714e-02
4.649378542517714798e-03
6.550394877018175278e-03
8.781119486818544234e-03
3.749765831747639555e-02
3.359190508048662954e-02
1.209963812277030197e-02
2.632308661474576025e-02
3.571578584657735152e-03
4.804712741448811247e-03
3.991601885884622086e-02
1.139933958946257563e-03
1.413510116083032189e-02
1.028215698456903804e-02
2.726206657903803773e-02
3.808200820592411189e-05
1.269345612424613995e-02
2.782862625531713416e-02
2.252852229565704967e-02
2.047679391498389428e-02
2.271974786201071128e-02
2.059891424692551765e-02
1.964761736167532774e-02
8.482171208277300076e-03
3.340448618042125145e-02
2.322731100229509169e-02
1.350934891844766603e-02
3.180670240006017169e-02
2.708545935923715314e-02
2.047110991584580666e-02
3.347101670894604697e-02
3.554703365499285728e-02
1.123153641177896019e-02
2.492933470914742225e-02
2.527269376791976135e-02
3.161534838193590102e-02
3.836972256826998856e-02
5.398351182344995674e-05
3.222665569714032452e-02
2.396911792482944378e-02
5.156321432990860348e-03
5.583337656357612207e-03
2.546462282865239249e-02
1.944301381150915706e-02
1.015794505174262563e-02
2.926711997893339037e-02
2.372171079946123681e-02
9.148035489964279109e-04
1.706397709100289373e-02
2.817230673245729993e-04
1.548397691578533124e-02
7.887119595608522299e-03
3.852379677965123345e-04
2.316128461107255093e-02
3.134522622667946373e-02
2.047685157639182046e-02
1.371562844454991131e-02
2.313037125363732668e-02
7.598178626802956463e-03
3.685151902675343899e-02
1.950163672505725310e-02
3.947333968628801565e-02
3.304769885438543775e-02
2.525886018807226019e-02
9.436949925627602376e-03
2.262980851646450436e-02
2.381346916542219621e-03
3.068619341691739347e-02
8.730655447678358286e-03
3.400191587550822209e-02
2.454780806287480341e-02
1.115303446452179520e-02
1.044191805691276065e-02
3.606275690464250810e-02
5.339717293203828305e-03
2.879525213321012037e-02
2.863610797729399318e-02
9.053450835345172587e-03
2.178494435018176606e-02
-1.784876568892854176e-03
-1.165518670527063497e-02
-4.799833753098690231e-02
-4.967755023291474392e-02
-2.545640013451114236e-02
2.210246813367005431e-02
9.293014620301642825e-02
1.477242268989469587e-01
1.883233458199339017e-01
1.436166848699325371e-01
7.275312681134871173e-02
1.511495531101523723e-02
-3.338864777546708684e-02
-4.192263322339617737e-02
-4.973297768270384944e-02
-7.433957282701408875e-03
-1.769916277587571529e-02
2.317568419545984471e-02
3.616962987218867720e-02
3.808188910310147252e-02
1.856742644941993328e-02
1.885258251202924160e-02
2.589196993798176250e-02
3.705547358875737468e-02
1.092411320438510525e-02
1.270471227503498475e-03
3.258814748423977115e-02
1.519951360955685248e-02
3.032567517093561968e-02
2.735171324261174639e-02
2.727491941463067171e-02
2.171055645094113057e-02
2.627767257950696170e-02
3.901143090799585184e-02
2.561191547212477576e-02
2.821870296549437024e-02
3.014373582627746795e-02
1.322206147780237429e-02
3.307123855705889487e-02
1.181154106061985294e-02
2.698084186256636055e-02
3.322648987099542650e-02
3.615037506543067325e-02
3.840094418391605535e-02
2.614689804727745454e-02
3.790223322875594519e-02
2.886792854349391410e-02
2.548395329571514697e-02
8.877937097817323060e-04
3.986779401287271485e-02
2.402565845687687149e-02
7.069514849004599095e-03
5.616838177623173847e-03
7.220858938617897953e-03
1.782993854242102827e-02
1.574538723830745668e-02
3.467391891124026182e-02
2.079523854157724547e-02
2.922871142447780457e-02
3.239971580051786287e-02
2.996982439936854425e-02
8.493966475135818206e-03
1.685042563012819142e-02
1.584405094258803381e-02
3.503134587924783272e-02
3.743475893765196849e-02
9.178969577576889891e-04
3.139304653317376986e-02
1.267914026459526777e-02
4.057302243728075526e-03
1.800168722794275381e-03
2.188421857505961840e-02
3.559266274995934870e-02
1.572856964835286919e-02
2.538379912635240973e-02
1.748519330033326824e-02
1.830059290426208629e-02
1.409615906693077562e-02
1.779544362376050612e-02
2.413448198150066476e-02
3.645774601761636591e-02
6.432178191305251355e-03
1.088503426861576508e-02
2.769011499609949634e-02
1.285666613447210803e-02
1.100567424128865227e-02
1.877466894565917727e-02
1.865804176941928891e-02
3.321036472536533640e-02
2.379166625499821303e-02
1.855171423153064922e-02
3.877274949475622429e-02
2.298518341036630622e-02
2.277908004736190622e-02
1.926612397602912516e-02
3.713596975972563441e-02
2.205172613830315084e-02
3.831050533858622320e-02
3.147796751672959220e-02
3.641971624854775658e-02
1.007393936283402375e-02
3.825557267538632483e-02
5.605890551036951837e-03
3.268655270104880300e-02
1.174665937513238306e-02
1.905000372928986746e-02
3.319235191780874755e-02
3.640394697316606115e-02
3.508846533110967364e-02
3.683301151307891846e-02
1.446888714333283664e-02
2.810567119852753343e-02
2.559252937104198461e-02
4.086226730366653535e-03
2.534059187481060849e-02
3.652512207204549471e-02
3.764247219348772211e-02
1.589417920232452175e-03
1.385645611050435010e-02
2.863152598691272224e-03
1.399921166112384763e-02
1.910517614092422864e-02
1.585067290236386039e-02
2.245965369672380668e-02
2.001541862229174688e-03
5.848775359410267674e-03
1.577371375303772416e-02
3.946786345954339525e-02
2.737382741271060863e-02
6.103744100705422006e-04
2.850409536056282972e-02
2.014629928121068267e-02
1.943344560948702046e-02
1.521856650461387087e-02
2.109583572208972857e-02
2.321348433119458515e-02
3.066943205361993829e-02
5.593873789396175888e-04
9.866031290249797220e-03
9.954069423989726426e-03
3.137638283635892783e-02
1.423792734204814073e-02
2.420866903930432579e-02
2.277023315097662093e-02
5.268862662021609432e-03
9.322576426943278427e-03
6.191574223076648335e-03
1.214452290305088888e-02
3.386527031030792112e-02
2.476538963619164674e-02
3.950583856879252148e-02
5.285307678340611269e-04
2.682394679373596019e-02
3.742450023560833783e-02
1.481292991560522777e-02
1.561797891863994474e-02
1.462525598419836710e-02
3.898525345040749351e-02
2.220467573623301563e-02
1.605890130216098763e-03
2.006184802367387554e-02
2.628845583802784380e-02
8.617260278340754809e-03
1.752191184624077649e-02
1.380009426056017820e-02
4.684396725371220080e-03
1.216279234852132157e-02
3.243495260643200484e-02
2.180949905633270541e-02
3.385175905110685002e-02
3.854727042153623107e-02
3.258961327268288313e-03
2.325462696623739091e-03
5.515159059592198744e-03
3.987328415630063405e-02
2.989279171776950544e-02
3.843625711594168132e-02
2.985860142339760714e-02
2.433407746622492929e-02
2.672513749355885301e-02
3.096628669643357312e-02
1.970960290222389596e-02
1.995655465669550054e-03
1.463235505178790523e-03
2.484609294739839949e-02
3.724004270486593743e-02
3.141783664344300481e-02
3.698558926556626963e-02
7.948896874001718654e-03
3.640310419623363908e-02
3.584902200894547752e-02
5.403926534580643509e-03
2.664854026638985209e-03
5.109149773215895286e-03
8.132963378566487184e-03
2.980894285388807977e-02
1.220816085620866041e-02
1.775846843939807296e-02
3.001752125142728364e-02
3.582362234063481837e-02
2.255881408269841057e-02
2.501973526303524851e-03
3.767348571730612383e-02
3.971482312983973251e-02
2.020821813506364084e-02
1.655529250255120821e-02
2.592881606528690125e-02
8.970512607012252893e-03
2.661423370800537411e-02
7.553341362851862147e-03
3.742827747747652645e-02
2.073563284106991894e-02
1.099701959634291539e-03
2.090293611469342186e-02
3.471177347701015644e-04
1.104232759974686784e-02
9.664330425509381909e-04
3.984386838458651298e-02
1.182011323891277860e-02
1.696386386985984087e-03
2.651871944161664219e-02
2.983747038952990274e-02
2.388319181873876929e-03
3.684348069342600202e-02
3.351295989992793267e-02
5.064877161748890938e-03
1.084579022297277491e-02
1.637186752749318630e-02
1.911845520246253580e-02
2.292759989611841201e-02
2.943480401135992186e-02
3.637690423655944028e-02
3.732389450641971501e-02
3.210875072047741224e-02
4.806882541184704857e-03
8.832073015069673988e-03
2.222874181672613095e-02
1.963986017287755296e-05
3.588265687386875402e-02
