1.582985772325744278e-02
1.963763484279576130e-02
4.089518824142590755e-04
1.779497116283938057e-02
2.293571137868010215e-02
1.797643015201445468e-02
6.681020166882061309e-03
3.869782619426118814e-02
8.418438214473482686e-03
3.313378109942759914e-02
2.679579336006256141e-02
3.211501415310063102e-03
5.693101549057377579e-03
3.768268143969715021e-03
2.493679820872081454e-02
2.488728970569578994e-02
2.089978577425939243e-03
2.584467066468478652e-02
2.190959140251827822e-02
2.227320773923134253e-02
1.922008181769796140e-02
1.671911333415247031e-02
2.526840437739506784e-02
1.624443995101154670e-02
2.842446769717441729e-02
2.172918624942734439e-02
1.209203847618950216e-02
3.015582854410635283e-02
3.014951272192756618e-02
2.540377217443919033e-02
8.983773625196138368e-03
2.055966678408550907e-02
2.181034400455373820e-02
2.960232621618605689e-03
2.866305345037840208e-02
2.352011766528302669e-02
3.732615582860094455e-02
2.533878786342240452e-02
1.905377617242606791e-02
2.884550149771429681e-03
1.924343412378025017e-02
2.920207955295986771e-02
1.907579651105203999e-02
1.303486004386671462e-02
2.465751080524233169e-02
7.454065816277845834e-03
9.393811323430178647e-03
3.692128142069509705e-02
1.593738965549541461e-02
2.299731425105814436e-02
3.795470934763277987e-02
3.650232943495375360e-02
7.300484554267865425e-03
3.087852714280921868e-02
1.791002184748684278e-02
1.523839492051226076e-02
3.528963525136459556e-02
1.263141205625327966e-02
4.731087294821296856e-03
1.314134731408035661e-02
3.228253902422491273e-02
1.278844471238886962e-02
2.417672126188699297e-03
6.946434994673058791e-03
3.931423901275617194e-02
1.092467934560101793e-02
1.149827053393774829e-03
5.208587787489573316e-03
2.179964627848763117e-02
2.315026381612124082e-02
1.251745151781324082e-02
1.168407566284243235e-02
1.583659754426812796e-02
5.051972527980615017e-03
3.386491523491719918e-02
3.175069016897093949e-02
5.823099459115654766e-04
2.794160008374014723e-02
3.997585472065200846e-02
3.536023793969285400e-02
3.861768068127974241e-02
3.794187471141329676e-02
1.607175729728195501e-02
7.924814212432153976e-03
2.883069394955635120e-02
2.663542865479396130e-02
1.705225223728429676e-02
1.655032679652176583e-02
3.212268899724551874e-02
5.334610547159690866e-03
4.794161995555584060e-03
2.644193744506500091e-02
2.962811535048151534e-02
2.437888420714047488e-02
4.370946968717617093e-03
2.583824973172345676e-02
3.503149482636120846e-03
2.426256975156101600e-02
1.530204207732128313e-02
2.383895699278944236e-02
9.886353167133510658e-03
9.752501829856225629e-03
4.878860437914900577e-04
2.086360251685884237e-02
1.554234224676558779e-02
3.510128602130952596e-02
6.444205185765077525e-03
6.408251293359490570e-03
3.822905797322780075e-02
3.449817460630869026e-02
2.408061260205478921e-02
1.294075471586681944e-02
3.337021661215534146e-02
1.286059646422641096e-02
8.292642923263681895e-03
2.292620684678216975e-02
2.837382055300055606e-02
1.848435309956764083e-02
1.744826991607257433e-02
3.611159068239089970e-02
3.076597580820901456e-02
2.111058749402169518e-02
2.565427603078259539e-02
3.226817184455580551e-02
2.379746042811952192e-03
1.300900681615482259e-02
1.907323829923531985e-02
1.109170088967735557e-02
3.611025645739902173e-02
2.613728190423592057e-02
3.628950641142683620e-02
9.486072541570367452e-04
1.737291778550139817e-02
1.223117745720816475e-02
1.948985845592000887e-02
1.797491919057002049e-02
3.433153067423567323e-02
3.889534072732761527e-02
3.051357490474403480e-02
4.902487064835132566e-03
1.322320311699759325e-02
2.382601523098845306e-02
1.686949768823188880e-02
1.768667626651026017e-03
3.867410326738030240e-04
6.001375240045981121e-04
1.801028951723845570e-02
3.468407807604995119e-02
1.104644546569706273e-02
3.085047217545798526e-02
3.057836077212332596e-02
2.462425434824193349e-02
2.740387082128967200e-02
1.789048101973001251e-02
3.992170371248449784e-02
2.581257001333476034e-02
2.782259701997805840e-02
1.805516612122443423e-02
1.070824618615984127e-03
3.871716155724972547e-02
3.448443500272927592e-02
3.973026584378768628e-02
2.832897143871009309e-03
1.838263501511458453e-02
3.460387057543874278e-03
5.318871488814269632e-03
1.521936530121088121e-02
7.819793762295090128e-03
2.244225704505900532e-02
1.638842718251392813e-02
1.715454070649030313e-02
3.396985242327742183e-02
2.682492475369870760e-02
2.525613096929999607e-02
9.604388593603272600e-03
1.779580121179336408e-02
8.210514142401011475e-03
3.586426036075276991e-02
1.599875132410098419e-02
1.855198267989986369e-02
4.927259267988466293e-03
4.172526593075502957e-03
2.885162440630930497e-02
1.583807417075005705e-02
1.431935300385081891e-02
3.414933633803852314e-02
8.021889632072669307e-03
1.285912751281179621e-02
1.865329878666916255e-02
1.233522002711569428e-02
3.779170195939374199e-02
1.504425229056546159e-02
3.711611895377606857e-02
1.183503162365247968e-02
2.836238669182759853e-02
1.025228589447655866e-02
2.233734633421271057e-02
2.192984607777756501e-02
5.901305161976710609e-03
3.415439890621826263e-02
1.012107641880214542e-02
5.174360555986408199e-03
1.293815756381713582e-02
3.819442610146901469e-03
2.744515174161100621e-02
3.168984964105179408e-02
7.368647706241424587e-03
1.222456894506541471e-02
1.757289702369571605e-02
1.090800663505003994e-02
3.459572051890279915e-02
1.763127203560691664e-02
2.405293501710835738e-02
8.548521966477928835e-03
3.806192966703119546e-02
3.590268126843677160e-02
2.727844565921612799e-02
2.344687577531226474e-02
2.412996689211533048e-03
1.273428287418262167e-02
7.922581629079239809e-03
1.025560834165121886e-02
2.737151115354127806e-02
1.098310558319313219e-03
3.919738998383200113e-02
2.591421979818284843e-02
1.619260110044192652e-02
3.782341471120975046e-02
1.832913606120621999e-02
1.004783597061208178e-02
2.503223136085452535e-02
5.460265147525618194e-03
6.327182888927747155e-03
2.975800199091797882e-02
1.859439059420545798e-02
2.001890161871436660e-02
1.532860969538216676e-02
2.817600419652490501e-02
1.291704314553220566e-02
3.736934493299437672e-03
2.746404759559959927e-02
1.575742562576385938e-02
2.170538997075926665e-02
2.651708583489743518e-02
3.933048186403077101e-02
7.553201584903401593e-03
5.191391951040160747e-03
3.090015035973987453e-02
1.183778485943367577e-02
7.959289259093076455e-03
2.506671061492447145e-02
1.383133982603044349e-02
1.920998105890170393e-02
8.000274926787436435e-04
2.333432620401690999e-02
3.592458416030332169e-02
4.724633676413694805e-03
7.520279844781716308e-03
7.608883102466736797e-03
-4.342590051797688006e-03
4.687005772577128304e-04
-1.374144721517880918e-02
-6.420837008924693001e-02
-8.247687434624703662e-02
-9.846856993903731203e-02
-6.974541093657668500e-02
-9.775815344682211791e-03
1.266126327057572054e-01
2.586415791854381196e-01
2.961103701460058302e-01
2.701531773944606529e-01
1.290453475845790010e-01
9.786076373721145499e-03
-8.823353848207519945e-02
-1.074432549533199804e-01
-6.712000109129807879e-02
-3.285614842220999782e-02
2.228033384465193112e-03
1.508921103665433056e-02
1.160099047029951314e-02
1.560733790981868804e-02
2.287672623094087407e-02
2.570870533743349270e-02
2.876560565873233569e-02
8.552189015291471186e-03
5.119478514710183552e-03
1.458308888048773233e-02
1.733464368621496013e-02
3.033818258921065422e-02
1.673461788037229614e-02
2.650390013137457826e-02
3.240628278577831201e-02
3.271364989119361633e-02
3.673042115136772312e-02
4.995737147410143214e-03
7.232576711694769199e-03
2.824948417511433801e-02
1.456997018349513728e-02
2.253445765334230466e-02
8.212305680671749472e-03
3.708724194434095262e-02
3.637148943786079613e-02
3.432299733722109919e-02
1.615953510055204156e-02
3.587596986766287965e-02
2.822656918644103619e-02
2.747072725146211189e-02
3.631737091832115683e-02
1.679242978093533484e-02
3.551272296708738591e-02
1.759352320207666770e-02
2.348680150067883159e-03
3.790988563627559205e-02
3.688398273199862409e-02
3.124764916995663791e-02
3.387604253466245524e-02
2.683452951713550041e-02
6.764810958802942864e-03
2.745680527994233053e-02
1.658465406890731464e-02
1.711726904981988526e-02
2.202810828279471236e-02
1.497502772742151551e-02
1.373589090347914800e-02
3.185853433296783471e-02
2.471816557929023064e-02
3.940975973302837665e-02
3.848271029105936741e-02
1.464308826304920944e-02
9.733968708437750264e-03
1.169170907749055716e-02
3.205935275442456378e-02
3.816704841036173967e-02
2.957836111853638303e-02
2.699362612432953945e-02
1.634499476972362322e-02
2.663488492135275554e-02
1.380088956375568297e-02
1.778911536498076901e-02
2.974120005668861449e-02
1.872051073947228125e-02
1.018419845592358555e-02
4.556389644936902593e-03
3.614469874077068379e-02
3.743782725945300760e-02
3.923026965958939516e-02
2.113556655920280358e-02
3.209375525016260056e-02
1.826627709942308872e-02
3.859594714877984112e-02
5.981307470390832999e-03
2.728081956980609249e-02
2.128038842500896803e-03
1.684567420189091516e-02
2.930159859873938955e-02
1.130697546303311915e-02
2.263448714053004768e-02
1.607226212929563011e-02
6.090778985990499134e-03
1.123522800183480736e-03
1.901141550240709535e-02
9.857246428556986836e-03
1.489727312355165929e-02
3.463769834849230594e-02
3.169820513339131202e-02
1.479431682684443153e-02
3.844137736228610269e-02
3.002625195413805709e-02
2.605063610903821797e-02
9.321278581235983504e-03
1.543222316268706359e-02
2.001492399069226477e-02
3.331252559050234402e-02
2.872721942834091657e-02
7.187339986551802111e-03
3.053955465197643812e-02
8.740330590223353846e-03
2.278390185098352894e-02
9.595108562744751601e-03
2.111680361367054837e-02
1.813895434652685852e-03
1.165703836346385731e-03
1.170649031095388065e-02
1.447497282259736784e-02
3.528393054886188457e-02
1.046461881620275314e-03
3.304521099443332582e-02
3.556359941385833084e-02
3.210127496828181493e-02
6.362972469017198068e-03
1.843337144770162885e-03
8.319957579785333679e-03
3.643431743497998337e-02
3.415990664305909585e-02
9.398632319508748098e-03
3.373429464227670205e-02
3.377860656191183919e-02
1.288152931218862658e-02
3.965424744720562333e-02
1.237848624695600704e-02
1.113587488320982172e-02
2.031763955506762226e-02
8.065794456441883684e-03
1.948094743296597056e-02
2.313895251592100813e-02
4.476093800720648205e-03
1.851650312794554665e-02
2.750557783443063897e-02
5.216467423268138226e-03
2.771346315360377968e-02
2.172541894780449095e-02
3.574725444035582039e-02
2.227222881037209824e-03
3.499781872493635398e-02
1.755627370080859936e-02
9.604633226084411182e-03
2.627561585873149086e-02
9.348824693805490860e-03
2.327517938961316118e-02
7.495608111335490265e-03
3.634348219813260394e-02
2.752471866611643642e-02
2.773027919082073425e-02
1.149671576210975488e-02
2.907200330774282072e-03
2.789659034939790533e-02
3.489037046261028036e-02
1.930516679974853683e-02
1.448481011799246550e-02
3.103263608142429325e-02
2.900741435327621603e-02
1.671860187342164624e-03
1.884164553796937799e-02
3.508191596334555434e-02
4.526269034596661772e-03
8.053507731389939611e-03
1.548009843907422606e-02
2.092765797524554980e-02
3.618132918744638559e-03
2.191549705700455639e-02
1.527241275090948820e-02
5.096693195430703968e-03
1.471270968469361694e-02
3.839118202989726461e-03
3.096997997913982642e-02
3.452095814760386405e-02
2.502414638703874539e-02
2.733907713255698257e-02
2.681681560254014357e-02
3.886120436868601563e-02
2.564999086957028135e-02
3.341938541935160489e-02
3.154443150683267777e-02
3.548970115863596397e-02
3.534418441905534669e-02
2.165986141411399210e-02
1.566162362110585723e-02
3.701077603633635971e-02
3.351749216355391636e-02
3.509132577106197776e-02
3.776909529308236646e-02
2.306892543938570198e-02
1.520130346758310005e-02
5.407730497035707212e-03
8.579038884601146442e-03
3.143350828811869446e-02
1.966416362960381192e-02
2.074256281645027108e-02
2.115176174047946750e-02
1.911076422939472774e-02
3.410647575160738465e-02
3.311866605249797878e-03
5.623630353933504154e-03
1.242525179445380830e-02
1.001811502491759681e-02
2.158836660705847153e-03
1.408432892379795319e-02
1.667948798643080141e-02
8.441564570446686774e-03
9.674354633322787902e-03
5.454111134593002744e-03
3.487451129866074584e-02
3.439717380175399269e-02
2.404394503211376363e-02
1.210913800049265125e-02
1.479674504204648786e-02
3.343734662666900115e-02
2.946702493667830228e-02
5.919750538770314485e-03
1.162579569849914000e-02
3.252485695289625278e-02
2.841012040850088641e-02
8.531132037478994165e-03
1.594649518401517266e-02
2.906765254142416877e-02
1.277040136719374830e-02
7.132334405029929457e-03
2.717194452836601062e-02
3.170841490568616916e-02
7.667486358547224296e-03
1.979962260067111290e-02
3.727565419552193032e-02
3.517620264482029108e-02
4.828954324546344545e-03
1.111435468579826356e-02
1.154733321496127438e-02
1.891716830273247954e-02
3.891474229686527758e-02
7.595012411829119361e-03
4.599586453214441623e-02
3.886939730940838084e-02
5.352480099589675133e-02
1.003194262106196916e-01
1.268983931362295814e-01
1.500791844711909240e-01
1.179561805112017830e-01
5.880539368179960730e-02
-8.349212442731372696e-02
-2.393889995086740941e-01
-2.725180609094094986e-01
-2.136937574166686560e-01
-8.208532119077630029e-02
4.442273948657664978e-02
1.334600504734210491e-01
1.528229835477759035e-01
1.207859496353160395e-01
1.060340760995211185e-01
6.347526694112425039e-02
2.944649553591586338e-02
2.940514726164051781e-02
2.672143973883004536e-02
2.080584110751312540e-02
3.063580104570175211e-02
1.000614648451622450e-02
2.566567681842366749e-02
1.893767166994685808e-02
3.651598016324119397e-03
7.255396739122356095e-03
1.687760649336237859e-02
2.469187174668623086e-02
-8.883073915717479285e-03
-2.200734083426361329e-02
-7.606678681557696442e-02
-1.162837873183738269e-01
-1.614243763647081609e-01
-1.403617091421928975e-01
-4.698759659746060136e-03
1.548358653461289203e-01
3.493926679028196425e-01
3.942211750592368724e-01
3.388625456327825636e-01
1.853977839457721377e-01
-1.455818330239911848e-02
-1.410556604060911878e-01
-1.584971761244348409e-01
-1.028956448041580540e-01
-9.089022329305114500e-02
-4.167015411377675282e-02
1.066071548873831140e-02
2.501103097892667937e-02
2.450554542287279244e-02
3.788944267095308710e-02
1.028788163870235882e-02
3.959574990904515118e-02
1.670645132560383966e-02
3.987754120948925479e-02
2.139791940214301469e-02
2.766255374339460574e-02
3.903646139733720627e-02
2.752687578676371247e-02
4.985323469394501404e-03
1.430546697964929764e-03
2.646869383991842101e-02
1.008897046427809259e-02
1.159410706648151233e-02
2.404415819409971844e-02
6.881281880536513004e-04
2.657985661194661709e-04
1.506960498341007896e-03
3.071794215195253197e-02
3.804577128123924623e-02
2.243175665099665650e-02
2.031771348755372422e-02
2.826633532252192590e-02
3.253338924566433893e-02
5.850662264043564320e-03
3.693359160163660337e-02
2.330476730136532559e-02
2.582243732575392747e-02
1.874401220495501216e-02
2.850221461247239713e-02
3.778841947005046054e-02
2.836459250959939837e-02
1.461132163768573931e-02
1.036998942175704728e-02
3.703817252190406278e-02
3.297922645819140880e-02
2.100067733343041407e-02
2.955796782404809114e-02
2.529224552898287279e-02
2.563826985996304694e-02
1.862483001910602079e-02
1.583414340648590241e-02
9.520669722415839656e-03
3.966348162817637246e-02
2.012140514342081882e-02
2.694371906782589213e-02
2.116231007742063949e-02
7.271579804332430758e-03
1.528268237429333647e-02
3.571309498716668251e-02
2.935183460075983797e-02
1.425597307316843303e-02
6.067202617149933426e-03
1.157374258814534117e-03
3.141896640238575188e-03
8.330420459291025190e-03
1.697670073255360540e-02
8.413149142134566244e-03
1.871556186768041918e-03
3.397530092032714777e-02
4.754615753793012614e-03
3.928196526326254573e-02
3.366247667687867397e-03
1.447085580670966903e-02
1.777784610989670017e-03
1.361174032338862382e-02
3.247198304907637084e-02
1.631448283099778615e-02
2.495195401823583140e-02
1.275951787830610987e-02
1.298923984015715356e-02
3.144842615438615124e-02
2.563603533715147834e-02
3.838013916142581083e-02
1.443514120357975924e-02
3.577320256985769276e-02
3.748085535511274172e-03
3.661592939292006299e-02
3.605451430298665244e-02
7.987204816163235438e-03
1.404562562907387714e-02
1.302822174100561406e-02
8.694653305809416088e-03
3.380973566690995830e-02
1.295579540486649188e-02
3.879029894195999001e-02
2.926014692656201538e-02
3.845731234555698624e-02
6.149040620306935739e-03
2.291401625770964415e-02
2.215386749519709930e-02
7.423778884368097651e-03
3.100157939962082387e-02
3.563859322323432999e-02
2.175462448147101255e-02
3.217728907284436723e-02
3.230555270534089893e-03
1.438717223867996657e-02
2.887030980056935411e-02
5.038812440234519130e-04
1.524702268920346063e-02
3.157621337345542512e-02
9.249761814928226036e-03
3.307810574164240375e-02
1.487277432947403492e-02
2.841035109481547527e-02
1.009019871066549941e-03
3.656140031637127030e-02
1.319200465700407464e-03
2.129170021494905529e-02
2.117208945709175491e-02
2.090871459362526538e-03
2.770643300993102034e-02
1.749023030060967154e-02
4.756019967777889296e-03
3.765891454666858793e-03
2.658804966172172157e-02
1.788152432099213845e-02
1.101711732335101251e-02
3.362235147088065562e-02
3.715542079440091461e-02
2.177597011248728551e-02
7.098185461424413346e-03
1.151423249200318917e-02
2.630407477526166410e-02
2.686691266946737017e-02
1.017978487882915603e-03
3.354235184886510124e-02
4.580614318767444078e-03
3.824468815639519431e-02
3.059136757929492578e-02
2.057936995700155453e-02
1.593946694360790992e-02
3.252780314885919677e-02
1.826673541106065349e-03
1.731724084334981470e-02
2.792040822404129666e-02
3.424215039324259025e-02
1.388993773362990312e-02
1.913139514358121879e-02
3.318939674695606940e-02
3.595285080108014120e-02
3.818505431237093767e-02
1.860477363033254464e-02
3.574080526216420056e-02
1.217955788389960686e-02
2.209558978666995369e-02
1.711291168780935262e-02
2.415991336888757487e-02
2.002263230705432148e-02
2.630637408173689545e-02
6.125310231953165138e-03
9.162095162902934506e-03
2.722840178202758782e-02
3.963804641941680307e-02
1.941969425477574384e-03
2.488200147490022412e-02
2.867274748537957871e-02
9.512403889067688398e-03
9.296336887698495102e-03
8.086016770976662410e-03
2.003238272433369854e-02
3.602528090575387709e-03
2.739899819815450055e-02
2.412543829670926385e-02
7.727112669074429931e-03
2.896904826519327431e-02
3.629840450714074546e-02
3.835657529918212738e-02
7.824755450881193137e-04
3.318777708201189891e-02
6.461447186433448911e-03
2.874503060394767787e-02
3.317775785774255276e-02
2.779767895708513958e-02
2.424595942790474905e-03
3.141547387650336226e-02
1.627690019855924930e-02
1.299658259704128405e-02
1.240973952831011737e-02
3.597161120078547127e-03
5.680588751224679989e-03
2.866658411727325204e-02
4.488440919859249000e-04
3.845030897343724215e-03
6.309983369915874753e-03
1.602029432375386836e-02
3.448894247883012992e-02
2.493111224978209611e-02
1.014883995504184226e-02
1.372229931152786457e-02
5.888059470770466187e-03
3.402458789111610649e-02
9.817161170188045544e-03
1.452244769334587807e-02
1.402850175727462199e-02
1.784171352009251629e-02
2.516936418362872990e-03
3.248080378272301394e-02
1.571773687269926306e-02
1.060135704800572315e-03
-2.174445438339835113e-02
-3.648631751174429005e-02
-5.559631581294222080e-02
-2.960103855240875728e-02
-3.869913387650315492e-03
9.058101965323334115e-02
1.276324327653186874e-01
1.765354271534833597e-01
1.440997405949598353e-01
9.721449825472441852e-02
6.345650998422432826e-03
-3.921108833229701440e-02
-6.482757178748285720e-02
-3.562160203642663475e-02
-2.318900576665733348e-02
-3.668353550017010301e-04
2.424778825160324447e-02
2.270223703548888972e-02
1.644389327418711508e-02
3.033247259976729754e-02
1.138129807707875286e-02
3.174879556590223112e-02
3.125931630194987015e-02
1.803116885146682780e-02
2.824697368040189616e-02
2.200749952615014410e-02
1.370416722154325917e-02
3.098665656013110600e-03
3.949096094926734385e-02
2.295212801373388428e-02
1.160159042388279183e-04
1.358646916156573334e-02
3.948807056216938061e-02
3.874327533805731194e-02
1.901619878857152427e-03
1.261013948556080101e-03
2.438539409162610375e-02
2.250718376213122277e-02
6.404311231958419691e-03
1.785317805075230463e-03
3.102378555190098142e-02
1.088355191633034319e-02
1.967509436326031827e-02
1.462763756553918382e-02
2.520298732296109151e-02
7.593640062481013010e-03
1.401993084962335073e-02
8.083933696405511127e-03
1.198330734483920613e-02
1.415754810300717294e-02
3.228748881444076096e-02
6.899544572761633771e-03
1.124786421558104238e-02
1.354983119587827023e-02
2.166164518426186639e-02
1.918489453145238305e-02
8.549012838775883749e-03
3.419720494768505037e-02
3.230727967294320935e-02
2.089934033094024285e-02
1.087788688182653694e-02
2.265405545166583254e-02
1.963840332812320094e-02
1.568059894799855511e-02
1.937564168234684123e-02
1.750671154098375421e-03
3.612774375003147131e-02
2.240186950889805004e-02
3.459516553764470370e-02
3.407116876554405066e-02
2.312973057730139184e-02
1.088461881094809208e-02
2.695432765953990981e-03
3.296852614363663531e-02
2.746852691254427631e-02
1.870107625241281685e-02
3.963805891451154667e-02
3.263464364245055593e-02
3.484520244476272538e-02
2.080946252982220860e-03
2.732590260106326687e-03
2.511789659612579176e-02
4.282294905251147338e-03
3.523495941839191459e-02
3.922981760774275906e-02
1.387166556946435245e-02
7.527931615889315968e-03
2.334222197892459744e-02
2.666580425334008631e-02
2.337645770465762024e-02
2.765322532146195084e-02
1.195308418483787027e-04
1.974914382531545512e-02
3.500794022449194021e-02
3.001768386373068406e-02
3.392796953678325900e-02
3.450761599254096451e-02
2.630098762971195062e-02
3.257992201073514615e-02
1.832133260072348405e-02
1.833459608174113284e-02
2.762504124397099220e-02
1.002451827005280439e-02
2.388108035741081867e-02
2.832331240236252330e-03
2.663213163012402573e-02
1.006384660706196622e-02
1.240861407570063163e-02
2.504747218749779278e-02
3.807850643355574494e-02
2.238289448075649751e-02
3.438377849796179012e-03
2.252900013360852310e-03
3.751024826540278606e-02
3.111138591548054388e-02
3.483804004149062411e-02
8.242207653228982717e-03
3.299549624855568772e-05
1.525166945771279543e-02
1.764089311734170357e-02
3.966718191192603049e-02
1.254613846705341339e-02
4.116525672985997877e-03
9.095930892131702181e-03
5.699254122572567499e-03
3.901626046015055360e-02
2.429128331679375821e-02
4.523697008398377614e-03
3.231064959200821707e-02
1.946318733814958804e-02
1.583325103969839259e-03
9.329487640918201347e-03
4.701080899006507101e-03
2.880232723570463546e-02
6.392629184004814356e-03
9.686420937468142450e-03
2.740298423943716977e-02
9.690375054927863677e-03
5.963007737797192467e-03
2.388737985096637054e-02
1.439964629696582205e-02
3.644264426969909872e-03
2.647342120434942672e-02
4.228605692047597911e-03
2.741153766033075506e-02
1.335908965238523198e-02
3.045272437225160153e-02
3.729977513411908419e-02
3.948320174052844661e-02
1.395523031662444444e-02
3.224713525319988783e-02
1.311976885585092352e-02
4.333403067930627697e-03
3.460731022488243436e-02
2.056158614170146975e-02
2.779893985847316229e-02
2.077261185072397029e-02
3.210774954250944502e-02
1.376615735945207510e-02
3.021822784658661706e-02
2.670601408084988596e-02
3.652512838298704184e-02
2.312795453786680583e-02
8.572705555824735105e-03
4.192000160094164901e-03
3.508836609603375317e-02
3.584858777831860781e-03
2.259978495651873004e-02
1.372763092474480959e-02
3.561340778318840272e-02
2.066766974506772936e-02
2.120119056977716465e-02
3.253825191518298215e-02
3.005905883464757983e-02
3.620936350800180170e-02
7.221452809047934282e-03
1.396973880453105093e-03
2.202344606291646578e-02
5.667982371013411194e-03
2.617743611720352651e-02
6.659400990470416837e-03
3.287607270133079129e-02
2.531586410418884894e-02
2.043693704899984700e-04
4.616818797594773177e-03
9.135354492673296301e-03
3.262257345064409342e-02
8.110973363905009045e-03
1.635719706146531935e-02
1.907997784196575550e-02
1.515803024867344237e-02
1.977076934779725334e-02
2.557855616665252220e-03
3.894026821289998941e-02
9.874421979172267119e-03
3.697490957878116907e-02
2.753384643319053277e-02
2.843215269012449795e-02
1.596933522965509819e-02
5.845009731443862044e-03
3.788337661334238715e-02
2.641793819221100251e-02
2.142943012625338206e-02
4.811612123111772346e-03
1.794270944451127961e-02
1.196400892524938919e-02
3.337742754477250606e-02
3.245043821010841489e-02
2.337786113172280258e-02
7.643879240627327216e-03
8.392528586933668128e-03
5.215583609372362664e-03
5.563727179877364822e-03
3.290025506342100087e-02
6.118856315339153869e-03
3.155629241199415375e-02
2.436208896998448906e-02
3.468044255305578055e-02
1.898259781521335898e-02
7.134079713480678819e-03
1.751373658151967813e-02
3.859358974856973157e-02
6.939902304179641074e-03
1.869142911944559476e-02
3.637831286068958503e-02
1.323716389304314262e-02
9.509918280037745614e-03
3.748438265539995318e-02
2.339811498840147982e-02
3.245004744745475650e-02
3.414491630659868132e-02
2.934384840317711199e-02
1.825495539296624267e-02
2.452557390456399158e-02
1.072133308940932846e-02
2.333069481842493798e-02
3.335576147243036332e-02
2.400388610279689111e-02
