6.379150663941585836e-03
1.164711110425599438e-02
2.574130890885725428e-02
2.735048807242539820e-02
2.666577721901566139e-02
4.310013731367967615e-03
2.564413853684030173e-02
1.037266690249818470e-02
9.082762327128471314e-03
5.076887876700078399e-03
1.491922902818985583e-02
2.884591829923337583e-02
2.818131665279580839e-02
6.526740764862503904e-04
6.123914520932464967e-03
3.047663037682200871e-02
4.201020151266061931e-03
1.138836586476763175e-02
3.820926508255059750e-02
3.447543619794989078e-02
1.197681278302935130e-02
1.641197171219036313e-02
2.065997478565969811e-02
1.368195346172644891e-02
2.444991454617666607e-02
3.816371391863464246e-02
3.871352256045907780e-03
7.698668321714068237e-03
3.016880104824781750e-02
2.127853476563205254e-02
3.746519179115530285e-02
9.648163439095421012e-03
5.651893632325100548e-04
2.731886099947522864e-02
3.325184954064928228e-02
1.950744874848189814e-02
2.709856314243754005e-02
1.205867713058344365e-02
1.513515445047572579e-02
3.821039264845088601e-02
2.029984235446880003e-02
8.313780499089285306e-03
2.856696925898618775e-03
2.005771670897789089e-03
1.694695733586173330e-03
2.749268448142853927e-02
3.936535747635958038e-02
3.827538093092883870e-02
2.085211269014242141e-02
3.402765416726346442e-02
2.512412126916756597e-02
1.153177019083440091e-04
1.604655918791073749e-02
1.111611781962815355e-02
7.040676942379553785e-04
1.059330960204723886e-02
1.044087180362469197e-02
1.296761286743059599e-02
3.400287889482243170e-02
3.662719076910869037e-02
5.927261192525747589e-03
8.403026016339035231e-03
7.441767579554028206e-03
9.704493209987870642e-03
2.796321904936174135e-02
3.156609952103531930e-02
1.709714126474365034e-02
2.482506890303958283e-02
6.172868247599608109e-03
2.165470787741658951e-02
1.211826272209924268e-02
3.970064929116178670e-02
3.362514198317023001e-02
2.805404810731184501e-03
1.503424446347201814e-02
3.105999891443688224e-02
1.595647072788423243e-02
3.395993115437075105e-02
9.591158393961851658e-03
2.820755930411596168e-02
1.108603240677996649e-02
2.947962581261775843e-03
3.046730691015690946e-03
3.141709174597597659e-02
1.125454797220489141e-02
6.803301406300353051e-03
1.135613946677945137e-02
3.251512905358679151e-02
2.076339619719103080e-02
2.243522666488990611e-02
8.762383381643009186e-03
7.624920274977813398e-03
2.150850900126941023e-02
6.498657380289802818e-03
1.655141369725665504e-04
2.195682077990154454e-02
2.637753286908583864e-04
2.018550845805874155e-02
5.421233024547302687e-03
3.624802209959998600e-04
4.516798460010633572e-03
2.549315481601356279e-02
2.636035084736686532e-02
1.927509725212690414e-02
2.851923071273766708e-02
2.850247152274872769e-02
4.923640367609220803e-03
1.570572043938001138e-03
1.230405072426531132e-02
2.254629460890382464e-02
8.726885725493288906e-03
2.478614453004104878e-02
1.623166248169360601e-02
8.891499040902934442e-03
3.036844200788557896e-04
2.953935013043916882e-02
2.020564591774485705e-02
2.539414605554977944e-02
2.218661121069676403e-02
8.446950181227617926e-03
1.589518484573093724e-03
7.005380974034482698e-03
5.251511357414782172e-03
1.567357380315024390e-02
2.209732415381713763e-02
8.445663828682392626e-03
3.353153892386018936e-02
3.046969487295595261e-02
9.292558685000340221e-05
5.453398740507045366e-03
3.012146091597243946e-02
3.468747662561363909e-02
8.026256752738984701e-03
1.668056313466549992e-02
3.923344666297554073e-02
2.880671157504683874e-02
2.596930945505299473e-02
2.177819366798234083e-02
2.904537548740061467e-02
1.277426851099135868e-02
2.996860065352875344e-02
1.528872403290149062e-02
6.895635139270455197e-03
3.140497848792183147e-03
2.407732759038633610e-02
9.011575455524858252e-03
1.891901851539369225e-02
5.661788466394823867e-03
1.021936605204606593e-02
2.275928719133556502e-02
3.717951261557055770e-02
3.323044315635515639e-02
2.519097609212559916e-02
2.796963833458794135e-03
1.025389302843188015e-02
2.202098585134769707e-02
4.009254354120011382e-03
2.814544131360669638e-02
2.943979621791941587e-02
4.177423903380553076e-03
1.603985841386156019e-02
4.306650457353793267e-03
3.249855797767682488e-03
8.359040776443822304e-03
8.280841448430548493e-03
2.233800681742103937e-03
3.725037394261165868e-02
3.202390449229204628e-02
3.235715614730774042e-02
1.860840487787324485e-02
2.809085603747606130e-02
2.680209646817426766e-02
1.693974626645635773e-03
2.986276808715599904e-02
3.829525840180291602e-02
2.637486176365768167e-02
2.816656615540495678e-02
1.780093156811581034e-02
2.364419701764053014e-02
1.863397858624374348e-02
1.432738266602162115e-02
2.122338143653802398e-02
9.451678045759349250e-03
1.526796666830156426e-02
2.546240644485151406e-03
9.512032284266070227e-04
2.163565732048049889e-02
2.331052118788326522e-02
5.054287263961434497e-03
1.872700385358996161e-02
2.936459125758696109e-02
1.775758470179722784e-02
2.500452900701542747e-02
1.027291535586396035e-02
1.142130325132420868e-02
9.976159142164346336e-03
1.824132335913394853e-02
1.681114039415221350e-03
3.357740385276328926e-02
1.219696342738414013e-02
3.227489783682511298e-03
3.988473685417843334e-02
1.785684003617599505e-02
6.368028968110963327e-03
1.969587874259728488e-03
3.255809638284611757e-02
8.604386692959353419e-03
3.074941498463218056e-02
2.206265309345334380e-02
3.265976223493543412e-02
1.831871499023901909e-02
1.857626318356917633e-02
3.585717297332409459e-02
1.977295403007471586e-02
1.507929206302100096e-02
1.305616288320976526e-04
2.034528646485838851e-02
2.481591926863089322e-03
4.583751951232483898e-03
1.983031288892532842e-02
4.088858042313319417e-03
1.530126941725224073e-02
3.802068171447628431e-02
8.482185400009702170e-03
5.860455677683265065e-03
3.789804809037779915e-02
1.831492264502393094e-02
1.251570646158260344e-02
1.961727123200525218e-03
2.136226883914012220e-02
3.888689838299313074e-03
3.004670691222030565e-02
3.110726932653511134e-02
2.453085194774673461e-02
2.105280764517539899e-02
2.796473084821327060e-02
2.677305413896775496e-02
8.697960458723605348e-03
1.369152055346461311e-02
1.221817270322892585e-02
1.339155330606797353e-02
1.797818314388935357e-02
7.320266864381573015e-03
2.605026356610158633e-02
3.331786533690783703e-02
9.364673005121898139e-03
2.318103086536866392e-02
3.246520284950951685e-02
1.958156811832196913e-03
2.635578826949905307e-02
3.265145318726553336e-02
7.158538390013331624e-04
2.461210795211810423e-02
2.429859562807037965e-02
1.883452778917072898e-02
3.954694340223168653e-02
1.419523967516504379e-02
2.337587521025964385e-02
3.592236724416602439e-02
2.113861621745783889e-02
1.060007162201553887e-02
-1.059091255466125189e-02
-3.022012576280811574e-02
-9.847939695172659713e-02
-1.070265641658703498e-01
-6.901758931147883303e-02
1.446058633700706211e-02
1.489618647080352132e-01
2.577075159627367773e-01
3.210837989434177642e-01
2.378656937801194304e-01
1.164771574073357879e-01
1.426743983148799286e-02
-1.037325461732206688e-01
-9.865521515637740158e-02
-8.568135535855338214e-02
-6.611486392318541294e-02
-2.970396453635774925e-02
-2.974271493341500150e-03
3.262743918772210983e-02
9.094611487083757717e-03
3.354428589085815121e-02
1.333779060728603090e-02
2.844800187665852409e-02
5.093203067307526012e-03
1.378402481358154998e-02
2.501346429578270737e-03
2.524018295414713620e-02
3.132310954500257955e-02
2.760559983011138391e-02
3.721832081961599925e-02
1.570820804511642230e-02
1.836936110787677420e-02
3.404728074661027282e-02
2.723187588110293281e-02
1.458469389673903646e-02
2.141514782867484645e-02
1.535393849881159199e-02
2.427506044689803702e-02
9.729067171249283948e-04
9.581610882683850444e-03
1.145875141155560349e-02
4.737934920703246134e-04
1.016734091701963424e-02
2.493023811034771400e-02
3.827434612265263880e-02
3.519009212434102973e-02
3.951805032369228726e-02
3.756723789328531016e-02
3.167546221401851096e-04
5.296678673262143061e-03
2.581128631291281991e-02
8.374458552917470044e-03
3.734302677687418442e-02
3.439904969264364482e-02
2.184644743427585287e-02
3.455288741697735283e-02
1.188856729570147812e-02
1.055827829783244571e-03
2.759811055157027071e-02
1.129337691161584958e-02
2.295168548329054939e-02
1.536659377583320801e-02
2.589898403199255433e-02
1.935343546431294096e-02
2.847856675939026971e-02
2.526034488442388017e-03
1.076401694291333460e-03
6.936128855984859988e-03
3.367532029368045660e-02
3.981702716576959039e-02
2.851261849795546505e-02
9.995413595606033111e-03
3.137196356369516270e-02
5.281448833561536854e-03
2.622204985651140074e-02
1.191416277567178793e-02
3.608080441007290029e-02
3.710200128087339649e-02
3.880675497912940142e-02
2.646809504012216652e-02
1.452150380840941911e-02
3.779807325485206454e-02
1.134247691651840001e-02
1.342864225204108350e-02
1.758707429131730823e-02
7.989338025057577883e-03
1.651415181727093921e-03
2.818809952052182821e-02
3.937080496988458467e-02
2.811842398164601277e-03
5.790641222208470391e-03
7.038521810867375689e-03
1.967097417833897979e-02
3.783797230775400727e-02
8.424324902920816635e-03
3.021302614510612550e-02
2.777654701538874362e-03
1.498412596268153089e-02
6.882463810088958710e-03
2.819508165117224838e-02
2.703736199056622561e-02
1.366210154868308622e-02
1.478908353980034306e-02
6.786908324787553105e-03
1.965672945901610850e-03
3.393062459287185528e-02
3.591110480526536752e-02
3.794179007880688070e-02
3.541362449078160057e-02
7.419472212417046499e-03
2.214760814141663453e-02
3.129728759954485823e-02
3.945050797085275507e-02
3.428314909707523735e-03
5.443860780245089043e-03
2.679362320814350842e-02
1.699337163244738630e-02
3.960106671547884705e-02
1.532532367634512407e-02
3.897078804160811205e-02
3.672576846742329343e-02
2.059037806148903554e-02
1.546555236258088765e-02
8.983892605375843254e-04
3.651230745657299548e-02
1.777045556989836558e-02
1.962592808054849577e-02
2.914884272544121871e-02
4.962583565570155390e-03
1.372111521616737641e-02
1.039915490146864178e-02
2.865448646652112019e-02
3.018815895878752473e-03
2.904032403342449251e-03
5.448526704336185272e-03
1.752383190137116187e-02
7.815808619222876577e-03
1.423423793102801711e-02
3.995175366901026343e-02
2.773353492911111509e-02
2.333239458299740318e-02
3.080995697288987575e-02
6.203182496776596215e-03
3.679997269364774365e-03
2.246510311662518536e-02
8.152359565079909595e-03
1.045838303631662324e-02
3.252914800338674306e-02
2.234983287144578015e-02
2.674187216230348649e-02
1.690455522104407707e-02
3.290557068504343374e-02
9.143891441431467246e-03
1.760295790756855744e-02
2.435583436463843038e-02
3.934503322595869074e-02
3.348552293328641016e-02
2.778965038175814500e-02
1.653774922928458874e-02
2.897201652343019823e-02
2.411535392127899663e-02
1.472246792447748885e-02
1.061199474713277018e-03
2.514908059223053380e-04
3.454298649368611751e-02
3.616548550920662547e-02
1.523198674047872465e-02
1.463561592914225558e-02
1.695755110733050686e-02
2.060871588010622368e-02
9.643848675063990822e-03
3.665118972811171050e-02
2.866428044007221509e-02
1.121279686122659061e-02
3.103576676487789301e-02
3.097582710841365744e-02
3.692378842920897297e-02
1.053138306522340487e-02
8.604443999789514880e-03
3.106086519007319330e-02
1.765911844928664794e-03
2.475243280360732434e-02
3.572246338857837378e-02
8.220279901216235793e-03
1.326784921403345065e-02
3.104650170386609453e-02
5.259868411367554612e-03
1.007285804575710868e-02
2.308870224900001766e-02
2.189002538967767947e-02
1.434257128029812209e-03
8.055285182508798575e-03
3.684535058304127392e-02
1.288405206393580457e-02
1.142846827745303863e-02
3.892303222684790481e-02
2.174714265846687880e-02
3.149900401343441042e-02
2.037533589657458330e-02
1.507070189643016506e-02
1.433210576431174707e-02
1.240885106249191294e-02
2.177608990058707561e-02
2.777773082281094486e-02
8.716887406071984618e-03
3.280725488725332734e-02
5.089525733785933183e-03
9.302723087057422624e-03
2.988290604678182222e-02
3.631592511125366490e-02
1.966582441719041952e-02
1.174583994688379457e-02
1.275919280354668311e-02
2.852966588922997357e-02
2.256303287540074518e-02
1.129426883561190052e-02
1.051325857081675225e-04
2.468630771096128051e-02
3.335668868049906921e-02
2.977066756988949389e-02
3.249094924818083513e-02
1.745804075172062778e-02
2.128262020780018193e-02
8.371413334627909875e-03
3.875450133491609161e-02
3.292169449312479929e-02
1.499828555625495365e-02
3.059819110155427221e-02
3.075370134876725253e-02
3.205238222222274447e-02
9.167497069669794385e-04
1.184536078375884871e-02
2.654209838126236204e-02
1.487037868105495902e-02
2.812277351379331713e-02
3.172140546804724098e-02
9.651937388793335390e-03
5.336754239993526765e-03
2.050385139512915858e-02
2.939151584435152967e-02
3.289436912410168695e-02
3.121123229142988217e-02
2.867442662663127403e-02
2.388908005979837809e-02
3.314629304892310196e-02
3.048988693220572657e-02
2.212442397562239260e-02
2.536778812565835747e-02
4.027159417235910699e-02
3.465935460749349634e-02
6.740718866761005734e-02
8.843908105390579921e-02
1.388560003668681264e-01
1.837236355383061459e-01
1.276604612194650601e-01
5.748995157464185934e-02
-1.157184853684867509e-01
-2.478037317823547081e-01
-3.115421239941461029e-01
-2.543720621671930471e-01
-1.256721345884368179e-01
6.506625017538900102e-02
1.451997382469553677e-01
1.585691191539438383e-01
1.542719354843195279e-01
8.136035751511930258e-02
6.580597556661292591e-02
4.980997330443673321e-02
1.255954131100150278e-02
3.714101705976314421e-02
8.452799014105484565e-03
1.710939560384105301e-02
3.652217373926351391e-03
3.620433432984973554e-02
2.720051226843892694e-02
1.101846324279930588e-02
2.853011171064523052e-02
3.288576967044799099e-02
1.435374315055137906e-02
-6.864904463345426061e-03
-3.074255562790764729e-02
-9.947556298646662021e-02
-1.302025553697791216e-01
-1.566568404791489899e-01
-1.386054183355761305e-01
5.582043613022585893e-03
1.841037134620351623e-01
3.685756370425461448e-01
4.569432519516729574e-01
3.708798514367279697e-01
1.766756420203989264e-01
-1.634184394352554068e-02
-1.323814840585138819e-01
-1.664733892176230023e-01
-1.267270997126900833e-01
-8.972902533873707009e-02
-5.186763403337468076e-02
-2.180693362644586103e-02
-7.289090428112109804e-04
7.182742248861844966e-03
2.477314580660337426e-02
3.077628075213227968e-02
2.117017105930967327e-02
3.333115400589958116e-02
3.056017982851076328e-02
6.323423879070997310e-03
3.860235485860157023e-02
2.194749770298858038e-02
1.193249275097165232e-02
1.322010339489753522e-02
4.632471009529488294e-03
3.593052887389755479e-02
2.272790084749429229e-02
2.451472183976214844e-02
2.722966756771659849e-02
1.564533119623896188e-03
1.160252468680215282e-02
2.189997235015155030e-02
2.261874987540054421e-02
1.884384842930048737e-02
1.170575928222845679e-03
2.885473907182053988e-02
2.821188215415673661e-02
6.881639273006885486e-03
1.055398778918019767e-02
1.495495334894152845e-02
5.956117857646687531e-03
3.315955938774860223e-02
1.933803933243641651e-02
3.660883268929546186e-02
1.329393024698778160e-02
1.968574966684850935e-02
6.152062116317025264e-03
1.747071250154709834e-02
1.412042555131776643e-02
1.040178571874007286e-02
2.312015123858806448e-02
7.885618993148213029e-04
3.058862107948828041e-02
3.425312159651157373e-02
2.587293075251571525e-02
2.561633818461914180e-02
2.689964383658667232e-02
9.272539717054812877e-03
2.740740177543703887e-02
2.567354566934922783e-02
1.640219594851171844e-02
9.035496696488985041e-03
1.056011061363928798e-02
2.695497293123082574e-02
3.146307711350466302e-02
2.742102960349002486e-02
1.591543536503813028e-02
2.462537629675235623e-02
8.589660750470131181e-03
3.323224471777125322e-02
2.027938663785401260e-02
8.424427568092567736e-03
2.518078852076338289e-02
1.066178026125724071e-02
2.389625457048984852e-02
3.019288626836657066e-02
2.629247961823816954e-02
1.371647298482666505e-02
3.273686023452620098e-03
3.136820165287610568e-02
2.428759101269966150e-02
2.407077747984969190e-03
1.664764159952835873e-02
2.071446467915999054e-02
3.900954036310009393e-02
7.951086775392574371e-03
1.419397373056700655e-02
2.281004652600867461e-02
2.786252241174333889e-03
2.757261587607100911e-02
5.673123451370458772e-03
2.206630442024582091e-03
1.374354855559140748e-02
2.354846352944201665e-02
8.872344885911256571e-03
2.427946397531653006e-02
7.155147569419310905e-03
1.220845349597110552e-02
3.743821628540828800e-03
3.311217037990774048e-02
2.490980417159471827e-02
1.810316663430707948e-02
1.402062564374105189e-02
8.894178693188070292e-04
2.449574469946015284e-02
2.753909861862232494e-02
3.154184462411772916e-02
3.867972824724056485e-02
3.501945165822204636e-02
3.696624341822248028e-02
3.621731422372686388e-02
2.459264752977281462e-02
7.869698837005651912e-03
2.117167465476600327e-02
8.753402468447166879e-03
1.723197085783288035e-02
1.361216706583635860e-02
2.360023920102226683e-02
3.588371604509239116e-02
6.209466259427998038e-04
1.276308221568257274e-02
3.502113465720407132e-02
2.260602566620728213e-02
1.799241537738976646e-02
3.784408145853229710e-02
2.543869325006639301e-02
1.464822056165160369e-03
1.981518581508904045e-02
2.178726430279630255e-02
8.523260955808692127e-03
2.066510157482137709e-03
2.811661014191679797e-02
3.911374009104095356e-02
6.087560660934352059e-03
2.395286461441889503e-02
3.135902595024699785e-02
2.071635423463242393e-02
3.308819729046438146e-02
2.124374490944737695e-02
3.870438050340422459e-02
2.270037301411168690e-02
2.285213697229369900e-02
3.840478637595243910e-02
2.999708534052310249e-02
3.799843849256579614e-02
9.471221092470170563e-03
3.389705792011903345e-03
2.483823799230512261e-02
2.122999778568216214e-02
3.085930008275759515e-02
2.100097752071710192e-02
9.934850203473368641e-03
1.932905990681507355e-02
2.586745499739424511e-02
3.762106112605297092e-02
3.990589577137671623e-02
1.281089484935528378e-02
1.359456361945996471e-02
2.508482891011087901e-02
1.908514144461851206e-02
1.185861970054261430e-02
3.947587832142773062e-02
4.626754200361520193e-03
6.502498908239035848e-03
3.746515214372672653e-02
2.988766301480343460e-02
5.979181736303531246e-03
8.312585142195181784e-03
2.792887302489004825e-02
3.878391652369482523e-02
2.274603828135424166e-02
3.622219384766310613e-02
2.867021846820889952e-02
3.019728218600735078e-02
2.815052587571358067e-02
6.588332570768478183e-03
3.804568571394956189e-02
1.641769891333952347e-02
1.101090838482614125e-02
4.444866255115718055e-03
2.349440376582697873e-02
2.916033818281117337e-02
5.314077171377911378e-03
1.088738289993259473e-02
1.454496544280791705e-02
2.433479598567117250e-02
1.454345782042426767e-02
1.997304144467291695e-02
1.188793589744267104e-02
3.079146713917782496e-02
3.661873348949819945e-03
7.017453592287128082e-03
2.907639223119871247e-02
3.129660012979550154e-02
1.329230558663771142e-02
4.840885379849790794e-04
9.458858415172093428e-03
5.054582553450366438e-03
3.820877112016421440e-02
9.540909235232306052e-03
3.251970758226286479e-02
3.802423248835917757e-02
1.231093201067378663e-02
2.865787957038891734e-02
2.110229941270732809e-02
3.292505846856157940e-03
6.165867738572130760e-03
1.736432085593828806e-02
1.694209246280204556e-02
3.951177238313893086e-02
1.249324105600844483e-02
1.708610966716192503e-02
1.745128777356816374e-02
-5.563329115677039666e-03
-1.027773263112072462e-02
-1.625238685515686954e-03
-4.881031988962659246e-02
-5.560815570878965136e-02
-3.512896019642582079e-02
-7.524634636912009775e-03
9.592872357744106071e-02
1.251873494823630972e-01
1.860695487267925441e-01
1.378626127692570424e-01
9.708700561309849264e-02
1.173908281243233112e-02
-1.694309800023799384e-02
-2.747214303630797494e-02
-4.063751137785992507e-02
-3.398656652059028893e-02
2.017207406705801009e-03
1.870163932754796698e-02
6.432473170860049383e-03
3.832395959493749803e-03
3.939457702383564186e-02
1.535358360177171456e-02
6.396860938842988684e-04
1.477368699782688997e-02
3.862673071202341740e-02
5.763332488837502945e-03
2.751829376817059580e-02
3.960297635296895769e-02
3.800041032493155398e-04
3.996000751541416152e-02
1.920625914750574009e-02
1.304806253569017367e-02
2.464855391567308610e-02
3.229130612295348646e-02
1.399428489133400406e-02
2.227391596788641862e-02
2.781988205855545279e-02
3.360033648099122749e-02
3.252581659707681760e-02
3.349990644649045168e-02
7.672380952147728195e-03
8.957524853577042076e-03
3.730731799556188943e-02
3.465484405002834667e-02
2.045138493929214707e-02
3.257998340874754869e-03
1.696895502477367701e-02
1.422094879052640364e-02
3.859175266989076092e-02
2.521753660793924975e-02
2.891934440158657957e-02
7.189168130927319454e-03
7.408954285254627792e-03
3.098565962272024563e-02
4.098606886977309606e-03
3.168840076667699818e-02
6.493668254252282605e-03
6.887452478166919759e-03
3.831065975932158169e-02
2.674616490245605716e-02
3.903622037526657818e-02
2.733972619163384590e-02
5.523633887084611511e-03
1.863595778401904227e-02
3.333952014766573130e-02
3.607276935957558911e-02
2.605222225689596380e-04
3.683876270353889787e-02
1.413811922509550408e-02
3.257371176420175568e-02
1.027917192112983227e-02
1.988867265324047520e-02
2.312017995807594262e-02
2.881054110343894475e-04
1.486742980705871991e-02
1.780044158786956224e-02
2.201166762955086842e-02
1.483903796414022883e-02
7.892952615036330846e-03
1.068395671320274739e-03
3.142255889293098930e-02
9.019125072825189687e-03
2.826885827462731829e-02
7.175417626545139461e-03
1.798131759928117343e-02
9.570634907921036702e-03
2.639650771456357112e-02
3.853856105901481283e-02
3.070579526417263963e-02
1.470997352141467608e-03
3.142084512900770316e-02
2.459949143612508854e-02
1.436086978042612136e-02
2.805432629703934547e-02
2.581402778897879183e-02
2.809926803393826555e-02
2.937646683647499382e-02
3.543500575415710341e-02
8.915992410813968969e-03
3.075953734419472133e-02
1.228702312316287681e-02
3.701388807928802233e-02
3.014761280179003092e-02
6.201221748017591261e-03
1.635557976253787169e-02
1.504760812664863480e-02
3.797530852138817324e-03
1.725996434776747371e-02
4.922764763874667125e-03
7.173424903207603837e-04
1.215744914310415772e-02
9.879536111677715213e-03
2.228210440179756099e-02
3.055786434356399031e-02
2.508936950169463401e-02
2.179095598090925040e-02
3.661931570783549111e-02
1.383814616300509462e-02
1.390476588324764465e-02
2.945127052057462322e-02
3.762926939768285184e-02
2.197082765956310732e-02
8.311926681595034616e-03
3.102064517997052406e-02
2.285764494700177896e-02
1.515837984243457700e-03
6.405906942170540644e-03
3.559499309363853975e-02
2.276219853378276189e-02
2.659895285582747348e-02
1.303616587997113475e-02
1.029250520407561272e-02
2.796312694796646708e-02
2.753427333333306748e-02
8.954511168851153179e-04
3.450430388705075235e-02
3.953337401839200627e-02
1.826584482510931057e-02
3.514398762205362542e-02
3.536681321934795341e-02
1.925525599171522620e-02
2.990307618789025956e-02
2.427436328333065774e-02
3.157238825655625525e-02
1.770825466657590525e-02
3.111256305421645010e-02
5.683652071182634415e-03
3.858878661238541313e-02
2.477546777115060411e-02
2.145539351177616627e-02
6.770596941859565419e-03
4.502704263234891084e-03
2.376558004467398469e-02
1.825590495345196310e-02
3.808072156398653596e-02
2.105936734999920394e-03
2.898780062177738759e-02
2.137421293290269267e-03
2.685465879730284527e-02
2.252011327191415571e-02
2.913644813765590633e-02
7.392346896084260773e-03
3.194585874768057776e-02
8.603177955225525461e-03
1.381949734671544631e-02
2.745959560513740877e-02
1.450909360994525645e-02
7.130129673427005807e-03
3.079074366292751039e-02
3.970637327438468478e-02
2.006848256537044697e-02
3.657852900336096280e-02
1.229784600144287650e-02
2.671021079330565193e-02
1.265704741062661370e-02
3.455820174655314242e-02
1.408284396549541674e-04
3.492487953708875437e-02
3.056809430178612959e-03
2.743757811078143330e-02
3.026857324457786491e-02
2.295554912231099684e-02
2.480455831198832492e-02
3.801942171250260322e-02
1.977687429013058260e-02
3.150006018205481206e-02
7.945704298395157156e-03
3.930257152694219269e-02
1.051796543261504686e-02
3.427818445327329711e-02
2.672122365186746593e-03
2.520650140387935625e-02
5.623150838767143785e-03
4.898385910035907634e-03
2.630041959689361983e-02
2.704457741663177789e-02
3.235154971792988249e-02
9.691710855179183626e-03
3.342508121202780041e-02
2.194817432170963461e-03
2.983341372284793389e-02
3.078124027540396490e-02
2.483623276330282695e-02
3.324426334741854838e-02
2.994113892676716904e-02
1.138341579644113616e-02
2.426242538533192328e-02
3.246023774064665801e-02
8.882951943940673931e-03
2.357370673482224108e-02
1.787215313043558768e-02
1.241431165796713686e-03
1.203855736239203313e-02
4.790782699694879666e-03
3.379887965451318366e-02
2.002696681656736255e-02
1.261420309552684950e-02
3.022498104957611204e-02
1.851289108949148027e-02
1.891012880397742110e-02
2.734829005324446172e-02
2.020278228809109511e-02
2.505570848402971854e-02
2.920130318288585106e-03
1.832608855445347004e-02
1.277746402084498686e-03
3.352954207067431608e-02
3.302798196494507316e-02
3.956096251400676583e-02
1.336679064674742984e-02
1.435338869971556318e-02
3.036442492321788159e-02
2.975741088700283032e-02
3.050171278598277566e-02
2.336498965890914520e-02
2.045318132768057795e-02
3.226353649006078600e-02
2.368983111118802207e-02
7.897034794386956214e-03
