1.256875609328559490e-02
1.908593624309471402e-03
2.299461712798685133e-03
3.684265489130604532e-02
3.196593279522901704e-02
9.675611502560714158e-03
2.800911841133102084e-02
7.208887541292435114e-03
8.878699844591109169e-04
3.826067859157247092e-02
2.625616587627471049e-02
8.624632089723522146e-03
1.584636107650006995e-02
2.201378183122022682e-03
7.101519490582170954e-03
2.252477181141281440e-02
6.139377197446473783e-03
3.279920056552271257e-02
1.158871958743630699e-02
1.635997425718537998e-02
4.669599977948073188e-03
3.843720195383013710e-02
3.749121734484654050e-02
2.220749892199413641e-02
2.808315790993303005e-03
2.423725197031391734e-02
3.425239172414781819e-02
3.373929447092932632e-02
2.572804986718061140e-02
2.831771000462758939e-02
2.233026241864942418e-02
2.495548853730459454e-02
2.621158220116148393e-02
3.321280929429293316e-02
2.915059291961813806e-02
1.411178242219104408e-02
9.225539080077735724e-03
3.203097183287772348e-02
2.601526328577492483e-02
3.365189714415573602e-02
3.374465859283741920e-03
1.271109704882308553e-02
3.657026726741568340e-02
4.677157615863874150e-03
1.754595388673389766e-02
1.350788102526797457e-02
2.291224854377918799e-02
3.157343948644193536e-03
1.756478776935353411e-02
1.541791543426699988e-02
3.389621677356271547e-03
9.715633403191757320e-03
3.221932286969302062e-02
3.164610779118428446e-02
2.293414219298447673e-02
2.475301190689391251e-02
1.982893742078850683e-04
2.699496595017874742e-02
3.816080986942457787e-02
1.858368236331967016e-02
3.493317689445413904e-02
1.135229753061467277e-02
2.701876601958496174e-02
2.396819498693720987e-03
1.741931662932168223e-02
1.885347745177368139e-02
1.087096964830588583e-02
2.384891162406710743e-02
1.266396997805045981e-03
8.561787324453140960e-03
3.622874583885329902e-02
1.862361364478677672e-02
4.180639184162214007e-03
1.285532906413763485e-02
9.757090433620226044e-03
1.241423573432697859e-02
1.619369386208181771e-02
2.041954235579201884e-03
3.929931757653078173e-02
3.003179832628077514e-02
3.852121099135338150e-02
2.227592399317869856e-02
3.864862979897114303e-02
1.119853836294614803e-02
2.893405693549784552e-02
1.078537483191537201e-03
2.477423347592253456e-03
6.070950498954675190e-04
1.150603279375133139e-02
1.610370357234623684e-02
2.937528310169420717e-02
1.497000387303648692e-04
1.194971689646844720e-02
1.052293484752282911e-02
2.971255289060923538e-02
2.669431732145350483e-02
1.351554623216463975e-02
3.745758568022305307e-02
3.923672521039254374e-02
1.716878617780134841e-02
1.741086700070476959e-02
1.483583630205805200e-02
2.855841812839700344e-02
1.092985613634453977e-02
2.076742390422247828e-02
1.872617317000241713e-02
3.433669596968860066e-02
3.103599102577311863e-02
1.100754467497999135e-02
1.763839998205722973e-02
2.756349583520703583e-02
1.407620977318819674e-02
3.533073680018411489e-02
2.339752302505662684e-02
3.989702553615948749e-02
9.590205582783006832e-03
1.706678869639327925e-02
3.829289825544481777e-03
2.142473431883856055e-02
2.882398082389532601e-02
3.597368286719419828e-02
3.268438357299991923e-03
5.396516198457375173e-03
5.443108772638653899e-03
2.833720143995304037e-03
9.185152877406621563e-03
3.050892368596285278e-02
2.780813248916664399e-02
6.228548596157987977e-03
3.729902041144225744e-02
2.140774322162229681e-02
2.620589211790716466e-02
1.604450813116371777e-02
3.916123030684968975e-02
7.781727905707036715e-03
1.123805423429501994e-02
4.339564215139746044e-03
5.839588736070187164e-03
3.083548271538648355e-02
1.964548476361980753e-02
2.219201080622097005e-02
1.546161637299547052e-02
3.841834073133714583e-02
3.816592319876621620e-02
3.786737080396797989e-02
3.207182000966423557e-02
7.651429312647856779e-03
3.500905742149700017e-02
1.753582780468763633e-02
1.527069349989344620e-02
1.948307305503007431e-02
1.220445456122335251e-02
1.196160375594868507e-02
1.049060777170516233e-02
4.675962600505947572e-03
1.790549649917176980e-02
2.195161995324315662e-02
3.798221931187338585e-02
2.362207044630555350e-02
2.327744022486426603e-02
2.120461246320093709e-02
3.202384545887899253e-02
2.110138838247708690e-02
3.261185885661057465e-02
1.917171665543326506e-02
2.766117151624780668e-03
1.099978187814151971e-02
2.535455076123813850e-02
6.009009838507494827e-04
1.229825524203626702e-02
2.872007547093327964e-02
3.771533323634233825e-02
3.129596856922864379e-02
3.881367595918164964e-02
1.858506616366966888e-02
9.793300128552394866e-04
2.030956605356307870e-02
1.705232822998787451e-02
1.655825912706679684e-02
9.653633412856396645e-03
3.535134382981149070e-02
2.232062692699379736e-02
7.517272939915779946e-03
1.316129303583147246e-02
3.521935990202570976e-02
3.015130814172466839e-02
1.356798675095916527e-02
2.648486414138932765e-02
2.654963355955683099e-02
3.168568896718296918e-02
3.661428247576598016e-02
3.402369035878948650e-02
3.423015024807442991e-02
2.831173904186777904e-02
2.490944282395425938e-02
1.263725646699917667e-02
4.138870331869877288e-03
1.136478350683564793e-02
2.034885452205150661e-03
2.109413029659450850e-02
3.440991751443689406e-02
2.928695560954376956e-02
1.413091014197403322e-02
9.834304353392093676e-03
2.113169316434904024e-04
2.356364746431038784e-04
1.543868082363073456e-02
2.725707216957917386e-02
1.682993906632574560e-02
3.249103774951538418e-03
5.237992760473200379e-03
6.498229802191883564e-03
3.598761361691740074e-02
2.445058010019087597e-02
2.171460978515797960e-02
1.040658905448409166e-02
3.353942658988704265e-03
2.648243243214119108e-02
2.561547098446230811e-02
3.355617104239422971e-02
6.337836331355131171e-03
2.122955239086494333e-02
2.769200341229137788e-02
3.980273441725499378e-02
3.546137710283279315e-02
1.172645430204486338e-03
3.464351649375299602e-02
3.607075128918543760e-02
3.631695810837896887e-02
3.861870282013168953e-02
2.504533478444983044e-02
3.636739299202669529e-02
2.350568955091117754e-02
1.145999609724145628e-02
1.746040198864344528e-02
3.907637024955852578e-02
1.586089221545064487e-02
2.375834879407387468e-02
1.087936387220705785e-02
3.406965350346240380e-03
1.419822897509731389e-02
3.623816531123394413e-02
3.958128828998452864e-02
2.604043371898050185e-02
3.783804135767651622e-02
2.118791900321218696e-02
1.916786543825130728e-03
1.478200919970183366e-02
3.451099352345692040e-02
1.996987303528665117e-02
2.643205151736703618e-02
6.325443874049747114e-04
2.257113647771267443e-03
9.673709842157740199e-03
3.905238005244035526e-02
3.929920348751747561e-02
3.156405765561851040e-02
2.567674097324331925e-02
3.721897926791255772e-03
3.153550986136603035e-02
-2.764627369411291891e-03
-3.482431763904021704e-02
-3.713890142504293335e-02
-9.247071120974420522e-02
-1.090922160790864515e-01
-8.606244539675497740e-02
-2.111895262334908402e-02
1.333331382141729193e-01
2.596014493872593754e-01
2.851721731435232221e-01
2.610943944031719477e-01
1.103896942131974007e-01
-1.714587289811925208e-02
-9.278660842936101161e-02
-9.855193386728970661e-02
-8.619246724921791891e-02
-4.675067387348157827e-02
-3.238386511434672432e-02
2.265588194070509293e-02
-4.712313021884226294e-04
2.826434607364104387e-02
2.664634776501006996e-02
4.975713949038004097e-03
5.794831380612143652e-04
3.280560863837787139e-02
2.032628792546867583e-02
3.245665461880484215e-02
2.963736066365880648e-02
3.667207673009966612e-02
4.683154835125298045e-03
1.408244834381615351e-02
3.234707290649458528e-02
6.254601848853499901e-03
3.188516555563876767e-03
2.505314661085093157e-03
3.107630184834218184e-02
3.907999839553874337e-04
3.629520546680964355e-02
1.933674763875664962e-02
2.916282124972344875e-02
1.348857756279483316e-02
2.507899700814970184e-02
3.844076856621952976e-02
1.949545868329776929e-02
2.858614708222023335e-02
3.245697892512000582e-02
3.910500860994183675e-02
5.211070909538397661e-03
1.029706629926562846e-02
3.456458793128994178e-02
3.039534250458995543e-02
2.405380806072904623e-02
2.445202302717603207e-02
3.687138049002341295e-02
1.847107243391889891e-02
3.201430565353964586e-02
3.620186572547424292e-02
2.696026283432596815e-02
9.690313474674359592e-03
1.130647247718932595e-02
2.952357241068909524e-02
3.474560173110519817e-02
6.580465786388977993e-03
9.330283649804770735e-03
1.835701332589323789e-02
2.266380372909838556e-02
3.080556725126524370e-02
2.343624690523680998e-02
9.916397320710479413e-03
2.909037331582642674e-02
3.285943488304816657e-03
4.862427264855462110e-04
2.678947620874143343e-02
3.208142778156999886e-02
2.850220138800359931e-02
2.580604286731311842e-02
3.180611580235084834e-02
3.721277890505313157e-02
3.374431947966818196e-02
2.361631573877823187e-02
2.774732787560511837e-02
1.404632873477968530e-02
2.382708986020940986e-02
2.702729973427087443e-02
1.280315733576270314e-02
4.783097626529717906e-03
2.109504141796457455e-02
1.495038416114727667e-02
2.126840314624416084e-02
1.373670233631559164e-02
1.373934122638863740e-02
2.587899674423201068e-02
3.332525531844075101e-02
3.241661563308095156e-02
2.218381886874117720e-02
3.833754724731839453e-02
2.233252263690143832e-02
2.390148812787684304e-02
2.728297105251096394e-02
1.583977991362157597e-03
3.456943116483449790e-02
3.819566511659380770e-02
1.871223993647528391e-03
2.232085938258613483e-02
3.597035882954820185e-02
3.337947556433604884e-03
3.580774507961215214e-02
1.468341442158607214e-02
1.681673862672562400e-02
1.517751422045300960e-02
2.524383691595101509e-02
3.164890369780631180e-02
2.077196545213478088e-02
2.131813615339703261e-02
3.942563141253076220e-02
9.850192489332533496e-03
3.448718860795496437e-03
4.178735092059384683e-03
7.776351076402301075e-03
2.762290358808397808e-02
3.952847483399733047e-02
2.161861988563950135e-02
7.345254594831840747e-03
2.863320309070386399e-02
3.260434437932813873e-02
1.738165977006013094e-02
4.415379311316458381e-03
1.937531779722795680e-02
1.219592737682421817e-02
2.540068072713177420e-03
2.570043485676017092e-02
7.324663441088459515e-03
1.238197609333814564e-02
3.490244152022470986e-02
1.531130100054085147e-02
1.464942711551072557e-02
3.294423097090406344e-02
2.419472016048018585e-03
2.463791564471058335e-02
3.396928585139988993e-02
3.998422816595600948e-02
2.896279348030761304e-04
5.529903109319711345e-03
1.789826997165996914e-02
2.877893078662818711e-05
2.665861791505000702e-02
8.131835333492629797e-03
8.928161655244872680e-03
5.038172310075679158e-03
2.435071501152066484e-03
6.873806764546274914e-03
2.906182716807545474e-02
3.833253887495912532e-02
1.971738016567908119e-02
1.657420105822238177e-04
2.911022015502842675e-02
5.396553798906640609e-03
2.731489728027169939e-02
1.335972242582709330e-02
2.379190704530933023e-02
2.064881831676770169e-02
1.349284328701971791e-02
9.394531236674561261e-03
1.686252703221210320e-02
2.968805119342470336e-02
4.969439349886779246e-03
1.448295549583550161e-02
1.680535185374790880e-02
2.061591574181319275e-02
2.303291211264371641e-02
3.807637135445145551e-03
2.923045810240476258e-02
2.935167163897665910e-02
1.097402506669764637e-04
1.229698664769122811e-02
2.390359220890416608e-02
3.008835585356403261e-02
3.944360882232098020e-02
2.111964136528703302e-03
1.493812554298642320e-02
1.238683474595343465e-03
3.404206668421093374e-02
3.796200493766100498e-02
1.621733393669493256e-03
3.742872773676640674e-02
3.481366963206855569e-02
3.666089830566350571e-02
2.840466360505708877e-03
1.297255332194098727e-02
6.395372772186149954e-03
4.896396382087608423e-04
3.327773286924100293e-02
7.387414138459656200e-03
1.386232264672276199e-02
3.889203803737627946e-02
3.031774186035986890e-02
3.170454996056429331e-02
1.641447592394174385e-02
3.474508861730571385e-02
2.909216855555725109e-02
1.806758358382917415e-02
3.197403149311628390e-02
3.136134736556921154e-02
2.184038588262951844e-02
2.103260552583171433e-02
1.013475836059169605e-02
4.766992405562536089e-03
2.973069565612807084e-04
3.582721010972208381e-02
1.925888951082055378e-02
1.853990577326517647e-02
1.392147117737000186e-02
1.368283116565037483e-02
1.282354334702617317e-02
9.770602398421361634e-03
3.872561942733908358e-02
1.375523015174673867e-02
1.665278777717697778e-02
3.591640778341662066e-02
1.986585566781631784e-02
4.382109289956992795e-03
5.925684751581061782e-03
3.412661446605302212e-02
3.630489360630614198e-02
2.718126951484039350e-02
3.805484690640187351e-02
1.565702931477188503e-02
1.447896161141758696e-02
2.534246064906449381e-02
1.846322443592881765e-02
3.697350246362404030e-02
4.150544820344563915e-03
1.992191365459501651e-02
2.993336694786042154e-02
2.269806685723880016e-02
2.578589546049861805e-02
1.982564897316916458e-02
1.234963036066620903e-02
3.648810549554482724e-02
1.731038104646897766e-02
1.463533936904965090e-02
1.182330498759694842e-02
2.194876325816458654e-02
2.081163571066114298e-02
9.762972430029043594e-03
1.277489451685017569e-02
2.542516759490039829e-02
1.042430777057073640e-02
4.013255866508567277e-02
3.259894675851261747e-02
3.875276906137592459e-02
5.113522358956988645e-02
8.456863549210942577e-02
1.415307362949633774e-01
1.495995537312846124e-01
1.182220419273362910e-01
5.511453622634120836e-02
-7.571952327433850716e-02
-2.101904858417548705e-01
-2.959101434966553423e-01
-2.157862132045831882e-01
-1.142249958274790950e-01
4.461283965167286980e-02
1.210101408509659388e-01
1.541354793543256996e-01
1.475745386250035263e-01
1.016521569792167845e-01
4.405206927428518410e-02
2.454215390679942432e-02
3.157346261011124283e-02
2.562810997291339876e-02
3.897521829945767291e-02
2.462771884340586581e-02
3.709876489743882400e-02
2.176954148859536718e-03
1.581498170701717623e-02
2.765622408117282896e-02
1.966656200103450089e-02
1.636144064102837067e-02
2.317037097525980263e-02
9.706993936189064337e-03
2.525709800654534973e-02
1.484619190612400386e-02
1.296609324844973099e-02
2.409640068721351225e-02
5.680210486087629122e-03
2.052308048598648280e-02
2.267968482500210686e-02
1.311190313908756682e-03
1.428476580169617087e-02
3.005760646313363621e-02
2.542124275399239297e-02
3.885786299353371099e-03
2.721505474561460025e-02
3.303339494681126198e-02
2.963673647092995508e-02
2.004962176207333510e-02
1.147563452661613803e-02
2.197896306961163310e-02
9.137307200655744518e-03
2.872122986752215570e-02
1.413008816591728931e-02
1.692155920650019810e-02
3.831976634384259926e-03
3.909603432508210186e-02
2.122019940768046092e-02
3.310233254549573706e-02
2.056246381812816201e-02
1.032880164408171882e-03
3.140121506292514741e-02
7.795388732303448233e-03
9.672999274222450136e-03
2.844763982322255635e-02
7.206218900592386602e-03
1.292605024339832896e-02
6.790836501718457326e-03
2.006104387555878235e-02
1.389045332385558003e-02
2.345978887989551634e-02
2.790009672137221466e-02
-1.868908478072824411e-02
-1.164385434823902304e-02
-6.005305264953845340e-02
-1.309401696885123811e-01
-1.546157501979525950e-01
-1.080385722740551113e-01
-1.684467383995905815e-02
1.737678530793339282e-01
3.314575601608617528e-01
4.048433424664175662e-01
3.491251616345373288e-01
1.543234053297449504e-01
-2.609975152191046366e-02
-1.163856958330489327e-01
-1.598206754172676602e-01
-1.277181199085394570e-01
-5.919818321304704672e-02
-3.361508696296865162e-02
8.159266103742356807e-03
2.466411075301605527e-02
3.237490410356551329e-02
1.936921573777400374e-02
3.671335103987267978e-02
2.885588177539864102e-02
3.460767623526712217e-02
2.263021124683950447e-02
3.831634375603259340e-02
6.019952170716949547e-03
2.765425564245207329e-02
5.811615178436564796e-04
2.327842351653496358e-03
3.320361666767521897e-02
2.570840019576352622e-02
9.464388287085089002e-03
2.866114873059881669e-03
2.975944268731994802e-02
1.009525749602427185e-02
2.042165185075994413e-02
2.288279727436463157e-02
2.933691254985972691e-02
1.376849693602279559e-02
5.564516458545902891e-03
2.377028482432989170e-02
2.383510076539232386e-02
9.334631765451507218e-03
1.755212179755523058e-02
1.439453110545127999e-02
2.887016147807579605e-02
3.660148535542506049e-02
1.694240566207879869e-02
2.129301637581775680e-02
7.893120171422353740e-03
3.995034811280017556e-02
2.924501156791462289e-02
2.716030206680966966e-02
3.738553919172327156e-03
2.749655705824519125e-02
2.662657187082615937e-02
2.697027158574616737e-02
1.368012661057748693e-02
6.734758242056924395e-03
3.025837084380735009e-02
3.586577226912561478e-02
1.458588251715661407e-02
9.129581353597916032e-03
3.463217106392835892e-02
3.293981962008114828e-02
2.266562776597910722e-02
3.493015598006801031e-02
2.508501824003935704e-02
1.054462828344943787e-02
3.939963610155241755e-03
1.322968171037217609e-02
1.160968756668210363e-03
3.668309839934041916e-02
1.223993139314200757e-02
2.727703592718403597e-02
3.973176355867382575e-02
3.504460389267536214e-03
1.930307005471060613e-02
1.390910341259207934e-02
2.738405119347105121e-02
1.190939467256177907e-02
3.684066534565621359e-02
3.432878852142571408e-02
6.303166878719092953e-03
3.220090231852401619e-02
8.043493896768408313e-03
8.802125092093198572e-03
3.149351376595622976e-02
2.629720725779498280e-02
3.955077259104895077e-02
2.268118249245730869e-02
1.452050114710758122e-02
2.410271024979395577e-02
2.769901493238902460e-02
3.222991909968862811e-02
2.871740187353182330e-02
1.591772416394162878e-02
3.007493605781402096e-02
3.842971028809927302e-05
2.495501361848077859e-02
2.518868870677218319e-02
2.963827219302705637e-02
2.631418180091088868e-02
1.316210534948711840e-02
3.811381393623697322e-02
2.058359079687195614e-02
2.177717179260595104e-02
1.525463591243198663e-02
1.682539575262627070e-03
2.395365887132669402e-02
9.074655171297992332e-03
1.836220621843209777e-02
1.821820821542825472e-02
2.291805441154883341e-02
1.695527558878043295e-02
2.178370587870870345e-02
1.002452242448607228e-02
3.939187147553974144e-02
1.734963358794955682e-02
4.946546036357713297e-04
3.278706603722139623e-02
2.933318121432109543e-02
3.229734509651669555e-02
2.419714542415388886e-02
1.165937034638546725e-03
1.859502141775579848e-02
3.663148709778430573e-02
3.372545362643132594e-02
8.737171016097149828e-03
1.288053034420275252e-02
6.072320287535726106e-03
1.539540923637781108e-03
2.666700378113513389e-02
2.118728705254559544e-02
2.609568328740873022e-02
2.539442883189631239e-02
3.695365140988003672e-02
3.591279851055060451e-02
3.075710766781477451e-02
3.679938037451025573e-02
3.523195368419745899e-02
3.304781786612395744e-02
1.898880330513303934e-03
1.302282054070276127e-03
3.308527758408137676e-02
3.950149418597531659e-02
7.636620186208143302e-04
3.729857602927811461e-02
4.026735660958236313e-04
1.570953144912793156e-02
3.687046063283442449e-02
3.907299682271660884e-02
5.524735349940530782e-03
5.204855054206473930e-03
2.917775291177622174e-02
2.850263370941043956e-03
2.554744126778162386e-02
3.146249767933125691e-02
1.569555350025510915e-02
1.077404009320117500e-03
8.265371998900436848e-03
2.843490836787996787e-02
1.792049770967323041e-02
1.694288970642722492e-02
3.217930518430755366e-02
2.459881363892859468e-02
3.143951225873639621e-02
2.307342244500852971e-02
5.365050203472843289e-03
1.725971873201429668e-02
1.388342034052534972e-02
2.324860591066414336e-02
2.945002446333208276e-02
2.448516333263839329e-02
1.989157511561193657e-03
4.370597010739237127e-03
8.388504350281992400e-03
3.348720458236764674e-02
1.662527683287104430e-02
-8.555685028460012498e-03
-2.529590399323853461e-02
-3.727968117809683790e-02
-3.848297100255642506e-02
-4.902787281969053779e-02
6.587727721739846526e-03
7.382953613548454141e-02
1.248015701759936785e-01
1.510793055929633144e-01
1.458334717654878043e-01
6.803801897066279192e-02
-9.119442780101872162e-03
-4.776373748749180442e-02
-5.065518680911718086e-02
-3.623290175858483175e-02
-1.774297795507108130e-02
-7.570521399965555662e-03
3.069330684413009575e-02
3.585209494829316723e-02
3.553589600227006345e-02
1.727613303614540519e-02
3.952814374300207823e-02
2.334032943749186212e-02
2.011910830413233750e-02
1.101386882616778480e-02
6.971546050728426140e-03
8.166057969233043654e-03
1.236903774209532902e-02
1.509694658691660384e-02
2.765872366340624972e-02
5.574134733412164019e-03
2.072471713516394615e-02
2.458476068835709766e-02
1.717855890621938775e-02
2.340859159159838429e-02
3.770531977554636340e-03
1.149195468645038999e-03
2.261098775179889650e-02
4.296054510774460701e-04
1.537729748754303183e-02
1.883015786755412244e-02
3.370650448394330728e-02
3.117526485233704930e-02
3.141860362725627104e-02
3.069939443696407741e-02
1.020055449384844187e-02
1.114249020463982040e-02
2.377248807449484913e-02
2.365873551275581368e-02
7.202575966744788512e-03
3.189830468256604074e-02
3.176617109763212737e-02
1.702161013389380528e-03
1.213602693346870799e-02
1.116306893552590843e-02
1.309902834020109166e-02
2.386106170482906602e-02
3.929212981460849380e-02
3.026890102348546441e-02
2.251462400052581941e-02
1.788667459787148667e-02
2.168275361752455485e-02
3.480299401140123094e-02
2.615479858454283768e-02
9.994704214352813365e-03
1.733587653706948617e-02
5.332073956222593836e-03
3.937463838398360533e-02
2.735391899004030111e-02
9.411380827061445811e-03
3.903404026251044295e-02
1.839344187786753210e-02
1.206301339483152081e-02
3.003541050483231681e-02
2.816542250552260887e-02
2.885660772909368066e-02
2.277146327774142928e-02
1.394191524947725920e-02
3.960289164189568362e-02
3.459179286713586626e-02
9.021502191989778929e-03
7.703493826308549855e-03
3.080482246362998763e-02
3.098756189511054845e-02
3.802874797061224499e-02
3.200999421473656181e-02
3.424139264329242871e-02
1.091627381316150579e-02
3.028458734270008876e-02
2.522349833102485381e-02
3.394898998556722391e-02
6.056102960344031567e-03
2.660571499330123546e-02
1.487441678636658438e-02
3.619627834130339367e-02
3.880954241110632502e-02
2.299007692376590917e-02
2.650248058054969266e-03
2.055327409882985734e-02
3.664718386742635281e-02
2.266437066047712751e-02
4.562254643966570135e-03
3.396457598315888449e-02
3.891862993053537417e-02
3.503644654841415323e-02
3.910649642260089626e-02
3.463297518308135203e-02
3.416003564542938187e-02
2.955082767157843696e-03
3.730152150959264307e-02
2.718841300894806606e-02
1.694342076724644156e-03
3.661917195424970600e-02
2.295597122664489245e-02
3.736667516328085609e-02
1.112595291840367574e-02
2.004600573802466090e-02
1.122674921041457753e-02
2.317276828329918256e-02
6.765935556139419937e-03
3.862019712021697027e-02
1.607014364108739699e-02
1.524006624259325107e-02
2.688404051058055494e-02
9.381862060978272272e-03
3.129133447525028755e-02
1.939328999283155414e-02
5.199373898989700579e-03
2.467939662924729938e-02
2.304539167415862663e-02
2.557086120493199267e-03
3.018354691291904104e-02
1.612436106185431012e-02
5.444772103368249357e-03
3.260584313082215413e-02
3.146849038511699559e-02
1.512061204000414438e-02
3.304021734699773283e-02
3.072999812253635749e-02
2.422774839536215308e-02
2.363473613422431910e-02
2.881585488462986427e-02
2.349392932740448220e-02
1.837658249284935749e-02
8.035069969386769359e-03
5.173709130138930308e-03
1.135602711964930206e-02
8.046019995302700241e-04
1.009552897819952777e-02
4.619955772974741748e-03
3.847653004011406582e-03
7.429030185494025183e-03
3.663837956149193498e-02
2.837217742672113602e-02
2.656064274196290320e-03
3.836612796325630792e-02
1.767322540359385352e-02
1.629073527990740951e-03
3.690506295073579107e-02
1.723170281916281202e-02
1.061335521915776452e-02
3.118177338912429819e-02
3.757009974069799862e-02
2.677380840106539928e-02
1.300103474297809036e-02
1.607710878872738950e-03
2.407234775572207955e-02
1.285847112810360564e-02
2.171706914307488384e-02
1.751565355242315838e-02
3.065284691832947592e-02
5.705793893893229638e-04
1.188444997195486734e-02
3.424857770451917444e-02
1.682976621002534034e-02
3.533726916505563337e-02
7.209440162397395347e-04
9.014101691098721711e-03
3.974473346270571833e-02
7.629315700878298336e-03
2.878564505441820898e-03
2.313825329768203279e-02
2.503156551825837239e-02
1.092305747395085069e-02
3.452640853503430307e-02
1.843872204351772182e-02
3.846017959674183362e-02
2.321961000808740738e-02
1.023300692945416923e-02
2.293831656817242604e-02
7.202387872228182240e-03
3.213191647499652470e-02
2.988679787780304520e-02
2.762944213236683336e-02
2.425251144168991645e-03
3.892009130091125813e-02
1.949182408405255446e-02
2.518669775876544378e-02
2.454561709440892733e-02
2.265497104522654070e-02
2.829202534419193032e-02
3.417205725034885844e-02
2.298390731738144191e-02
1.445627300992714283e-02
2.716352788879376062e-02
2.788444456256401402e-02
1.221419260159948769e-02
3.853981311609779026e-02
2.159929886900766732e-02
1.898623512197103111e-02
2.579470630115602431e-02
1.329247802689389676e-02
2.612205735973885737e-02
1.708087711007971396e-02
8.325846052774395559e-03
1.305393759737740779e-03
1.986646654671640755e-02
3.516690802945549033e-02
5.959475923267274801e-03
1.000157640173093831e-02
3.860808423776553727e-02
3.931717317939656398e-02
6.015153645449018531e-03
2.002410124268557898e-02
2.547822781193870983e-02
1.403511135996181325e-02
1.321126601960558380e-02
1.967525041900412830e-02
3.507657457537383117e-02
1.844603687778669735e-03
1.787938983451822783e-02
1.805604072429325968e-02
1.743749624166571893e-02
1.223231198892610165e-02
1.696882943918607417e-02
7.120772184230803395e-03
1.448173705507947717e-02
2.950212331938655355e-02
3.192545719862565495e-02
