3.726424006537683298e-02
1.211442205570554360e-03
4.729632937750718330e-03
7.465406941799197608e-03
3.366162192653042451e-02
1.104373159486021598e-02
3.972632872443226243e-02
2.838822822517201444e-02
3.399410767343118145e-02
1.429620347038947775e-02
6.048468814194065887e-03
8.522403324001958519e-03
3.083386826574912101e-02
3.051136648510014565e-02
1.374761787769965098e-02
1.623400236332151261e-02
3.734679789442073294e-02
1.085989458181329907e-02
2.126439114103902822e-02
3.108820156036317187e-02
3.929787290478606310e-02
1.272724690670704387e-02
8.172217678894968737e-03
3.296930333482023245e-02
2.651374411966320177e-02
2.275484863078433215e-02
3.155548291071420125e-02
8.458820348845446160e-03
2.099208349010826813e-02
2.877134610017159297e-02
5.121862654163411186e-04
3.946259533827137234e-02
3.343419765279535827e-02
8.078742856632858266e-03
1.046397775919536430e-03
1.758009703351999303e-03
2.286990850124448124e-02
3.292202147012034119e-02
1.055250995337771343e-02
5.946493854744949910e-03
4.199328440171030269e-03
3.601858942845453937e-02
2.357228437707332286e-02
1.008981009299934894e-02
3.398548642574817508e-02
3.451428534019478078e-02
1.746536652040821952e-02
1.484608600459822077e-02
1.203237417281275909e-02
1.600976840214152208e-02
3.898675305427567322e-02
2.724646365733010122e-03
3.060562903360651912e-02
1.787464964105946880e-02
4.659349210060051080e-03
2.545162112221142567e-02
2.675659824002763962e-02
2.618801388185963003e-02
2.171768736416133244e-02
1.681120696326910899e-02
4.633694589488075374e-03
4.169808564580681359e-03
1.930703095678197589e-02
2.901646284310504739e-02
1.264773313260812368e-02
1.615767073844695534e-02
9.509197585736752986e-03
1.879683850461055794e-02
3.575652028803670557e-02
7.342221711605656249e-04
4.280676550530894929e-03
3.381911004108234531e-02
1.268394426285355267e-03
3.766368744535263796e-02
1.005501207077784051e-02
8.159716800337082215e-03
7.968086113680250852e-04
1.358155729902161928e-03
1.935105652119474898e-02
1.040962981010224928e-02
6.731313095407575990e-03
2.692185813435942279e-02
1.083826110959496512e-02
1.404994403377749293e-02
2.650560828383189196e-02
1.685957914328160487e-02
1.164679430477512379e-02
2.124896336890564827e-02
2.775354057203367752e-02
2.668630517369811883e-02
1.597387746156394422e-02
1.783306132912538047e-02
1.653823491749068300e-02
5.519112516103858931e-03
3.768456237463869291e-02
2.481432291462214515e-02
3.521060831314332118e-02
5.912763156574083259e-03
1.942863617878612739e-02
1.655183264166440807e-02
3.381237105856715907e-04
3.863439530704674413e-02
1.006530317607196717e-02
3.649961824186560150e-02
7.411922957704941868e-03
1.458080600416311601e-02
1.776937166695591666e-02
3.599244782900239831e-02
3.109653244607488761e-03
3.316102257980142742e-02
8.964919530729203653e-03
2.880599155049924989e-02
4.628201687427431141e-03
1.622353958530889373e-02
1.843491979970944550e-02
2.917773798836451743e-02
1.765095595889711391e-02
2.798002701194148359e-02
2.196679983616623213e-02
1.250685784034433722e-02
8.731958354534503919e-03
3.204270448025024060e-02
1.649275858351897939e-02
1.933547023651308733e-02
6.554412594654701260e-03
3.238070840714298015e-02
9.112471648813623079e-03
3.284875313818558934e-02
3.557154385656094431e-02
1.851133254883996536e-03
3.413953532503133555e-03
3.788587857946840859e-02
2.427182834594999658e-02
2.790717718054864030e-02
1.491618850789853609e-02
1.585644770516363850e-02
2.482819932335110155e-02
3.639228179444725653e-02
2.860761779073889635e-02
1.327624285540262260e-02
3.595902977566618579e-03
3.411520191226520560e-02
3.152842031947552387e-02
3.233691854363719698e-02
3.485467513010940058e-03
1.258316406994210504e-02
2.392187575728526097e-02
1.937912507853241199e-03
3.339047994125587775e-03
3.535629956884408370e-02
2.771330710760885538e-02
2.583119458337260546e-02
3.850660957984537031e-02
1.121826518982808711e-02
8.080741750143149646e-03
1.132959477224344987e-02
1.456310388817116420e-02
2.966803980111660036e-02
2.822514254447453658e-02
6.405481225586041145e-05
2.238239479037492860e-02
1.733949991647124739e-02
5.755329463820992898e-03
2.673068481676144428e-02
3.413063038772022606e-02
2.959470576146469231e-02
1.787081283979509438e-02
9.146092743503184130e-03
3.345510640495752419e-02
2.171173447497998059e-03
2.639923954876368696e-03
4.361160815729232636e-03
3.454590486855933784e-02
2.581972583577157518e-02
3.411162852430846965e-02
2.481137720630602339e-02
2.446098068803781206e-04
3.462037871958476617e-03
3.028603116073807014e-02
9.776260240340515009e-03
3.769487231051438150e-03
1.620311725845404588e-02
3.670927892409150961e-02
3.389007189543257609e-02
8.722328070451856917e-04
4.972849718644010292e-03
1.237532572865517044e-02
3.906261833919281307e-02
1.892570974713285795e-02
1.815602605736372013e-02
9.674982189169366309e-03
1.117795081419078670e-02
1.315467353034291062e-02
9.823314174017702682e-03
3.868860757712045545e-02
3.262489825766964197e-02
2.704661541457998794e-02
7.488786329807068688e-03
1.512802138146107124e-02
1.239409845391747922e-02
1.054739388137067475e-02
3.531918246468059019e-02
2.508451154531509200e-02
9.677758714314498023e-03
3.396479387364883390e-02
1.615254210066463525e-02
1.344941342511019045e-02
3.236847505210729142e-02
2.386389848981876338e-02
6.190480182550955196e-03
3.740907506878601851e-02
2.979417153873178264e-02
3.912159054835968874e-02
2.845548773979010918e-02
2.680429821015706607e-02
6.854465718179590140e-03
1.261359681569943283e-02
1.908907424512830409e-02
3.068180393474046266e-02
5.322813212412702902e-03
3.961098389378216178e-02
3.237558969824245840e-03
3.179681272503240286e-02
2.875973847032703076e-02
1.182093884179819150e-02
3.811801484069342327e-02
8.511725151154597019e-03
2.069660385230311095e-02
1.459060977353257398e-02
3.116699146963519684e-02
2.471921038056044961e-02
2.327766183712942291e-02
1.866579613213524905e-02
3.800202894428759276e-02
1.394454257541401232e-02
1.506900935366982906e-02
3.643664980948457897e-03
1.582196508602559670e-02
2.748242034088867192e-02
2.511276580768692646e-02
3.631898030846810593e-02
1.745937910371126583e-02
1.812943366158366321e-02
1.742874485769254495e-02
2.723571668191112835e-02
1.182501977388774597e-03
3.750702820589769948e-02
2.701722418823741898e-03
8.771673649548632559e-03
3.601905043401616019e-02
2.872256426384418512e-02
1.767245589574928735e-02
3.305222777300409823e-03
2.041592444662531161e-02
1.867188190434955139e-02
3.817283305408044475e-02
1.815094360663147346e-02
1.634613795881250178e-02
2.839112256618388924e-02
-5.688472402203566432e-03
-6.614944393138496789e-03
-1.878985024976755763e-02
-5.488307442602531616e-02
-8.791848811760097360e-02
-1.121555423353660930e-01
-7.604775623464869738e-02
4.396194935158560801e-03
1.136113361403783412e-01
2.535270816284974082e-01
2.852844462235202272e-01
2.351063267425882175e-01
1.467892829553812672e-01
-9.640833995217371749e-03
-8.284950418609121625e-02
-1.010597990223025544e-01
-8.863814595010177655e-02
-3.727563333186068029e-02
-2.018287350862430982e-02
1.388879097653016037e-02
-4.641735287963596676e-03
1.318293276860148765e-02
3.639375049244834154e-02
2.980354658307762805e-02
2.679323207739155166e-02
3.759219574255206336e-02
3.908454023693264806e-02
3.882766450329132313e-02
3.288960608689180803e-02
3.724590047814872046e-02
1.346200607088163595e-02
2.705838212206914534e-02
2.831431430943929118e-03
4.875985430739060086e-03
3.131523258930322962e-02
3.367035454426580560e-02
1.351003106203471464e-02
3.492908224877708939e-02
2.261850053182160383e-02
3.491331531528225895e-02
1.372592548841884350e-02
3.991907787387618915e-03
2.846061083899269466e-03
1.113170984733524195e-02
1.758348800502438844e-02
2.870669736271395933e-02
4.111375649762405785e-03
2.333148719954183242e-02
3.086998707454148907e-02
2.613418458223999361e-02
2.678570643265042531e-02
3.880962597848034486e-03
1.552091007756079173e-02
1.834724516441936862e-02
3.058185551129564018e-03
2.951847057346711559e-02
1.337604856050835303e-02
1.250783951715904972e-02
3.395916688859314941e-02
3.141983390756197900e-03
1.047184240704371674e-02
2.924355730308418611e-02
1.658984725256063344e-02
1.475532107538120004e-03
3.205984525145533920e-02
9.012563108867737219e-03
2.308217567026859748e-02
2.826737404355848457e-02
3.133132554162847139e-02
7.490289349348065034e-03
3.616240869286117821e-02
3.479556201394520386e-03
1.853190845771164261e-02
2.535630649088984473e-02
6.989628398738818339e-03
2.748366197596213353e-02
2.685286727777584648e-02
1.887168373174216707e-02
2.982442449290786946e-02
2.736809865945234732e-02
2.494695790000670335e-02
2.445935087787133241e-02
1.511759358038906528e-02
1.465750934999256183e-02
2.842588778128544991e-02
3.540076208746940900e-02
1.308317399235110496e-03
3.937408581126279616e-02
9.672501455485576355e-03
1.797832523033922325e-02
2.115602207933036088e-03
3.254369304257813400e-02
2.088177529713105759e-02
2.828253183257824904e-03
3.390943368980969125e-02
2.290418509042083800e-02
2.886878817135520373e-02
2.633263219937411262e-02
1.500804799401202552e-02
3.775605776277840553e-02
1.085464362415999341e-02
2.746868284433869739e-02
3.887025968349390459e-02
2.484517738261196942e-02
2.263693433842235009e-02
3.832150289521833730e-02
3.802779155581979820e-02
4.758620170752517024e-03
2.465826007922876026e-02
1.770053642169443220e-02
3.546649056729250099e-02
1.944029404355840374e-02
2.760696887047577042e-02
3.691455564766755321e-02
3.805463511027946250e-02
3.174906018812098663e-02
3.779869681547402827e-02
3.883431113054562796e-03
1.882713123048640122e-02
1.995299988783991174e-02
3.866450889409937808e-02
1.606537901211096617e-02
1.819218503594011160e-03
3.057834389641967895e-02
3.485458310913532726e-02
2.708770452606650697e-02
2.365103029205923441e-02
2.710835289527918981e-02
1.904106797852330932e-02
1.505996834731120277e-03
1.640266834843191572e-03
2.263885438302616279e-02
2.241783585058546024e-02
1.238819508944509484e-02
1.732222128705351860e-02
1.584316202868454176e-02
1.365070595679969585e-02
2.263586316090284573e-02
3.859354482941002029e-02
4.610170153767150295e-03
2.112134317029479378e-04
2.345599519482912537e-02
4.152813749554313573e-03
2.920266507331682401e-02
8.097274964778043704e-03
1.872393146719221815e-02
3.423522557961743151e-02
2.628901923754713155e-02
2.627313076685181686e-02
6.785905715605857619e-03
1.179095234922227300e-02
7.589056633264284167e-03
5.214483281420089931e-04
9.215251594237684057e-03
2.806945568797870535e-02
5.004659501849628971e-04
3.181000857931137824e-03
2.389948829626312859e-02
2.091420247627124099e-02
3.608334537007707593e-02
3.196655396893824386e-02
7.313327682965300308e-03
9.660895806744184550e-03
3.551989229175211288e-02
3.242241893278135362e-02
3.518672704908182985e-02
3.560422298237001654e-02
8.264458014596244920e-03
3.704315045603454037e-02
1.666354767486177488e-02
2.034404819537061204e-02
3.190357564924881095e-02
3.547337208667913216e-02
3.214102151858342499e-02
4.315063883001930313e-03
1.355630405839875104e-02
1.771987938536533427e-02
1.427149078655340006e-02
3.140913010334601269e-02
2.585340073531735769e-02
3.373093669611852002e-02
1.004742269784415949e-02
2.663428865915390062e-02
8.938090436149348722e-04
3.418328454112458392e-02
1.694089838299008000e-02
1.561457148063172783e-02
1.663466859626403426e-03
1.953389584835503456e-02
3.551230384007521279e-02
2.585407511757010016e-02
6.074395492908246999e-03
1.711403795391551116e-02
1.389423520603903436e-02
1.647939752440519615e-02
2.881281343929782690e-02
3.850126044854995850e-04
5.571490971854755649e-03
1.461229669633759380e-02
1.221380363097144747e-02
2.187720149307704684e-02
1.445372386222692346e-02
3.562143438572713122e-02
1.936637790826112662e-02
3.124283704838623152e-02
3.068939152841397566e-02
7.705440336797177853e-03
2.197555592232287511e-02
2.229750049743704776e-02
3.313565302012464603e-03
3.489273008060900130e-04
2.617519035524966398e-02
2.084808365634852403e-02
1.854325315159481829e-03
3.072651779758316104e-02
3.073739476404793031e-02
2.066992654827149931e-02
3.264315226770807266e-02
2.232958695792123388e-02
2.364307762375809224e-02
2.723239867203718426e-02
4.541421443440416678e-03
4.010360475789682966e-03
2.203149077469090944e-02
3.573982660489341545e-02
3.122489362352003778e-02
2.369010848603735064e-02
1.377384288473319611e-02
3.953360563280080425e-02
5.244566949784430776e-03
2.485647256551205830e-02
3.350714336869554250e-02
1.640770804339179711e-02
2.574450736940293513e-02
2.767848825535502641e-02
2.846514669425720054e-02
7.253449395177149171e-03
2.284152896801897731e-02
3.122855252666500644e-02
1.570776446231538642e-02
3.314224149492434046e-02
2.730947496909927677e-02
3.619004148043867414e-02
3.710153357384701756e-02
3.850736340187387377e-03
1.047355205504072080e-02
2.547553399464864282e-02
1.699601725704078664e-02
3.381495518728650646e-02
2.432894271144553713e-02
2.225839598267157632e-02
4.841679882140397656e-02
8.358543448822890187e-02
1.207097626756901826e-01
1.356758755238959280e-01
1.663405212318044557e-01
1.572377274550230408e-01
4.789647394410278397e-02
-1.037924565434948515e-01
-2.757939536167221539e-01
-3.441973309068815379e-01
-2.626703705396545852e-01
-1.204595606487679216e-01
2.931519340579897062e-02
1.588005350575188990e-01
1.908950935465328624e-01
1.428811842648795849e-01
1.053850831148690076e-01
8.064258141555614989e-02
4.140144244097999915e-02
1.704144609349929340e-02
3.230534934216928306e-02
4.413978329345852498e-03
3.166375762103606356e-02
3.974929384468057353e-02
1.882740863888038643e-02
1.768841774824851318e-02
1.686274208130239885e-02
3.593909219755947460e-02
2.658751338785018264e-02
6.521059865915662147e-03
6.265756807654551674e-03
1.888587101318965622e-02
3.153942513114783852e-02
2.184719001019557946e-02
1.713095420507221300e-02
1.579371617044642018e-02
3.948413218257220553e-02
1.209086072459113030e-02
2.710947995646124931e-02
1.498891749615397645e-02
1.749489282752392585e-02
3.188378519556136353e-02
3.844435936285131583e-02
1.721100658135170380e-02
1.791606846856324750e-02
1.950230916610049686e-02
5.274143540460998238e-03
1.669245693071710890e-02
3.950202326913036105e-02
1.991854615384211491e-02
3.166245070538933198e-02
2.444653147464174309e-02
2.038353108514723636e-02
2.998130896080283478e-02
3.769448281601043421e-02
3.988059551065778474e-02
1.030812898522596305e-02
1.002389557100669647e-02
2.209957035686503646e-02
2.800215608015565669e-02
1.110618811181114836e-02
1.352851535930739641e-03
3.715715178552375653e-02
1.380601383941030408e-02
6.899379097867010258e-03
2.694437216506341201e-02
2.202480176718106183e-02
2.765404617961042186e-02
-9.714737655939251031e-04
1.451770215015159120e-02
-8.914682456398932697e-03
-3.963257117031197124e-02
-7.917752891503561374e-02
-1.239916895349997550e-01
-1.638321618485147346e-01
-1.410752637855976210e-01
-2.738878301112605135e-02
1.799400063335734046e-01
3.866351905599687555e-01
4.715762680230183301e-01
3.764466458285326556e-01
2.057960796937741699e-01
-3.200773953316177201e-02
-1.644922597287545030e-01
-1.660594722213734331e-01
-1.503526369149614794e-01
-8.945994363997611387e-02
-3.382588808803853320e-02
-1.532747923950829490e-02
3.232412581070702451e-03
9.464623646130780957e-03
9.874661935451532063e-04
2.265056327094382843e-02
1.033802236178868982e-02
2.251877415979891897e-02
3.480449371431613981e-02
3.835962905894060859e-02
2.652843919871324466e-02
2.616208741966324566e-02
5.604386772217354561e-03
1.988043476250811806e-02
3.878224390894836199e-02
5.267767825988591349e-03
1.645383944744495744e-02
3.217888693694165303e-02
3.567814460333219861e-02
1.012609353124425959e-02
2.688273667014496118e-02
2.349692787864309310e-02
1.210959755044632019e-02
9.285766267356665438e-03
2.173487972399764864e-02
1.841168550897601813e-02
3.555338204852180606e-02
3.426091703453675724e-02
2.290128403489502529e-02
3.860342843917989857e-03
1.664529858880971561e-02
2.675646437762646546e-02
3.128211704353854594e-02
6.154228689500271417e-03
2.426595085368404153e-02
2.082046674830211747e-02
4.573816218740245181e-03
9.407058348526993116e-03
3.395500490331624516e-02
1.903529064818114749e-02
3.242680690562937257e-02
3.719848663324462623e-02
3.786457436989527914e-02
2.179113822824899765e-02
1.191932373973149384e-02
9.306330304171184578e-03
2.896824584756127474e-02
5.774465092765495265e-03
3.084530102399174440e-05
3.493416838137872876e-02
2.708207272510225472e-02
3.202742773483197025e-02
1.361012190011444412e-02
3.756395181674893752e-02
3.672347438714890222e-02
2.043695017806958919e-03
3.743642790302740414e-02
3.554553989674676118e-02
3.788228961867404210e-02
1.749956626341218208e-02
8.453956314433401509e-03
2.355670385399754804e-02
1.056201504715765811e-03
1.394139418990422014e-02
2.772309150759702870e-02
3.378883330585859962e-03
1.206338786600606033e-02
2.098182625639043522e-02
9.224069153193625858e-03
4.097721501554612428e-03
7.068708682642053064e-03
3.619497419854105641e-02
5.415012710341104811e-03
3.759610222236156162e-03
1.963138143457475102e-02
2.160538078999319281e-02
2.432766361598413460e-02
2.732795859262315483e-02
1.212400637847797433e-02
1.598197118953854218e-02
1.644038361088392269e-02
8.782819141827572992e-03
2.323769563089608196e-03
3.577446107340268022e-02
1.654410910847738808e-02
2.645807317231416850e-02
2.274219005830084572e-02
1.201718846199137554e-02
3.554841822393483425e-02
2.805356286102048818e-02
1.248497960676378006e-02
9.332991298348662298e-03
3.957892708120319680e-02
1.749728381925175213e-02
2.821746309502870531e-02
3.205353303256067155e-02
1.301983112295823121e-02
1.929374009729589723e-02
3.505082377741029764e-02
1.661190142650713006e-02
1.437075072029725918e-02
3.005136468387367005e-02
1.908016119190706142e-02
6.463564896891327467e-03
3.302826086565664038e-02
2.429676896329787880e-02
3.672131810177244049e-02
3.324645348195633815e-02
3.544771190325459592e-02
4.030395139309592492e-03
3.776849114033196259e-02
3.760787342127968995e-03
2.920879539701210989e-02
2.308105409287396215e-02
2.235429844098868121e-02
1.996038060362683234e-02
7.956354728337097781e-03
1.381919241353016942e-02
4.743181488643956854e-03
3.544275785182866845e-02
9.698618630225164586e-03
3.664320210383948534e-02
2.343231967105570066e-02
2.068338883880825943e-02
1.836251460288349435e-03
7.839869217303174764e-04
1.502279419139522856e-02
2.616055758634894257e-02
2.146322743775061492e-02
2.888142941754135926e-02
1.446586579707896322e-02
8.726631207655444590e-04
3.825726039045534987e-02
2.411660118717831591e-02
1.138806874691586889e-02
2.655185889531681137e-02
3.276487656883584482e-02
2.947139520562793921e-03
1.175717940440530523e-03
3.290477533532847748e-02
3.564865973096682621e-03
2.011365733080689583e-02
7.124104807302904241e-03
3.461490204803004123e-02
3.129855182267996666e-02
3.292324580922761923e-02
3.471289045875509960e-02
3.986714928806800451e-02
3.682305261403027996e-02
3.234657133158749115e-02
3.875367761852408638e-03
2.542803442448835632e-02
2.658870463139604429e-02
5.842026058399985532e-03
5.157173258653530157e-03
2.371974980028894106e-02
4.232801548159643990e-03
9.422250616310816687e-03
1.924114177792474525e-03
1.836534237989085119e-02
5.207496134237714520e-03
1.135577206579742662e-02
5.693841413500582566e-03
-4.730963116710860082e-03
8.480011225314047774e-03
-2.059954045578806653e-02
-4.066700771375308943e-02
-5.112958215607066315e-02
-3.096682034013868712e-02
-2.345032166574710988e-03
6.671713648668324559e-02
1.513517969018717269e-01
1.637586670372051245e-01
1.222208481904486638e-01
9.623218072182990190e-02
3.418585871982317975e-03
-3.779010020765780770e-02
-4.348628127739273541e-02
-2.260283407170937675e-02
-1.067562278446069698e-02
-5.816334917965907542e-03
-5.083419382486400670e-03
2.496222833267647268e-02
2.117904821988444986e-02
7.656871617870500413e-03
1.131231945385182541e-02
7.684537787473798807e-03
5.424135763738196885e-03
2.837793582865613326e-02
1.199861335996004787e-02
2.727324078646569533e-02
3.684499792208525970e-02
3.295020235046263596e-02
2.702215516629579220e-02
5.390137414038429983e-03
3.724342075746230746e-02
3.599251009760462416e-02
8.904953819029112067e-03
2.020699492162046293e-02
1.762116053392771484e-02
3.261459474853588975e-02
1.048258515563210529e-02
3.111203760703283236e-02
3.382131721198996382e-02
3.714554270409448772e-02
2.528557886384193848e-02
1.091673166614164341e-03
2.105988133508216592e-02
2.389245398593188921e-02
3.092183910336556655e-03
2.491212966407823151e-03
3.718067668539119103e-02
6.391701865603405209e-04
5.955460695894459339e-03
2.928598621619119685e-02
2.203090822932503301e-02
3.704577341882306363e-02
3.374551313768749117e-02
1.309471635049330816e-04
1.421611738928665707e-02
2.382158923241928239e-02
2.890029107848963302e-02
1.926462669877842052e-02
3.164546867838356065e-02
9.821804167599567856e-03
3.520053466426311620e-03
5.131992324368437643e-03
1.973453542301033259e-02
2.246135823987895422e-02
1.670879159640096395e-02
2.844118513035032159e-02
6.423059509870623213e-03
3.027765501184836658e-02
2.600905619607098498e-02
3.679280126304378118e-02
3.431475103585586439e-02
3.728542412489437019e-02
2.441221757387297339e-03
2.805955144735328491e-02
1.051491113400156857e-02
2.684319203837134959e-02
6.747216937877320402e-03
5.794969018533584898e-03
2.771621269485827904e-02
2.181445992428310277e-03
1.320696038607068086e-02
2.122986258542898519e-02
1.042516331234765760e-02
8.125944600228756851e-03
9.881111040613168792e-03
3.593093190469445752e-02
1.626565321773214582e-03
9.332489121250335529e-03
2.316416214503374399e-02
1.436169837510183067e-02
2.463304506065232616e-02
2.185170574036709654e-02
2.831150141219923241e-02
4.163013993945354971e-03
1.744284511878409216e-02
3.304931702764885709e-02
9.936186768844388825e-03
1.434744933275426508e-02
3.889859966156847260e-02
3.089108376086391675e-02
3.884140987017228874e-02
1.215709886083357789e-02
8.996270410812856827e-04
2.979446584358399694e-02
2.828924171809435451e-02
1.548498249686096166e-02
1.790880497850624864e-02
3.425493573907560738e-03
3.018543215158211394e-03
8.535986591530510953e-03
6.305029896992913295e-03
8.920296051193332427e-04
3.801935471542719491e-02
8.187481436202945217e-03
1.798202158664887612e-02
3.412941772937501395e-02
3.903523932486299003e-02
3.801982592335724498e-02
8.507413955834052660e-03
3.742803327739811781e-02
3.068217768024939993e-02
1.377180937665769926e-02
2.235933948728706377e-02
1.979853949420974993e-02
2.713361623760381439e-02
1.776175376175256199e-02
3.513368932615706930e-02
9.197841974181874712e-04
1.340303705881003976e-02
2.940970907015481514e-02
3.394550253155101394e-02
2.698423100090904456e-02
2.415038438835088661e-02
3.665820472169861732e-02
1.551692798623566932e-02
2.561093283059181352e-02
1.489623831689809892e-02
2.607851072266040293e-02
2.646604128232933270e-02
3.966304279617762635e-02
3.552852041634247532e-02
3.922540721073831255e-02
9.285291743548222329e-03
3.891007485612463929e-02
1.227029958905297841e-02
2.966203322447864138e-02
3.326627258067157283e-02
3.184276486751406315e-02
3.421468313699329526e-03
2.367611051580734496e-02
1.399744869647744083e-02
1.800507910788648469e-02
4.302605901807750148e-03
2.409967460491324598e-02
9.788522056638023286e-03
1.438900969283805030e-02
5.678862622103601938e-03
3.222423714237536603e-03
2.463414845454010155e-02
6.951122135998981724e-03
3.038921717948794496e-02
1.638436699210353564e-02
3.712570852737891169e-02
2.351371926620466138e-02
1.189596864184204461e-02
3.794027658111485263e-02
2.320892912751126511e-02
3.762652201268329444e-02
1.302298044198063783e-02
1.897112438883673258e-02
3.525801572616483331e-02
3.646798903142270398e-02
6.891953647227428911e-03
1.607067801477585905e-02
3.784749537333871594e-02
2.634620897963595512e-02
1.807260748700839290e-02
1.407987331744314959e-02
1.136358969529948325e-02
3.175389759260922873e-02
2.154192307123109842e-02
2.393939380673434231e-02
2.062462459914183796e-02
3.544699321673164261e-02
1.020676169734907428e-02
1.651675753977215402e-02
9.754023015692224116e-03
4.786954131500800215e-03
5.587505332923674295e-03
3.001449274300550807e-02
2.906511042004949683e-02
2.993604982678262777e-02
3.618394356661689543e-02
3.485541535024115622e-02
3.076449694198757703e-02
8.571446167291174329e-04
1.651571462670495261e-02
6.287037787309013651e-03
2.073190465076658537e-02
3.045509005010858111e-02
9.893659459313024207e-03
3.562372351470166295e-05
9.486616390981490038e-03
1.912193693895860441e-02
1.634873943426438589e-02
3.289575137305996572e-02
1.819324984001244837e-03
6.075573956891559824e-03
1.649991056484331753e-02
4.952918498913545624e-03
3.738737546084219820e-02
3.831969704529738542e-03
1.463383378420756407e-02
3.135216658452347205e-02
3.352843496117188793e-02
1.100436373525949529e-02
2.716950825430519342e-02
3.723402378271281274e-03
1.093378435604188195e-02
1.314043035567280440e-04
1.581136606485335910e-02
1.096251272154868429e-02
8.747712441435476216e-03
5.090072164710468311e-04
2.986115036788228663e-02
1.875890000488675789e-03
3.994359518271051353e-03
5.814286267128197273e-03
6.182010760050183316e-04
8.412056190133646028e-03
1.205051400676575638e-02
1.716980223975423520e-02
1.966932854126264563e-02
5.835684851088247457e-03
4.023476148678457355e-03
2.386064679113271067e-02
2.755865906481894459e-02
8.787919857505776394e-03
