1.472224162172271374e-02
1.059851167157730908e-02
3.397812064310735264e-02
3.506435021573744287e-02
2.358695144902971455e-02
4.694100884755299068e-03
1.331912648240045609e-03
8.113838599132540408e-03
2.447692804842188999e-02
3.623030910171902430e-02
3.491230858662299624e-02
3.716193353500706759e-02
6.112792074052401936e-03
7.150523351886595158e-03
1.444271296033475607e-02
4.417634223048021169e-03
1.298423063093626789e-02
1.106473688473746768e-02
3.964574251748453795e-04
3.275604808530997031e-02
7.857398319411896051e-03
1.211953906443228278e-02
3.517240261732536982e-02
2.334186614316485428e-02
2.514960485044298241e-02
7.089816602488255119e-03
2.530082077081069816e-02
1.741408131678216786e-02
5.809507665789244261e-03
1.140360201962868940e-03
3.892790158147277357e-02
2.978903485826373335e-02
1.786676282406161886e-02
3.998517274087832335e-02
2.969594379418416530e-02
5.220619641836225788e-03
2.386567818307350295e-03
7.499872574476765079e-03
8.619410596927296747e-03
3.962096371367840146e-03
2.846564125617665961e-02
3.229364134660078767e-02
8.741686384224362644e-03
2.559571608686437433e-02
1.946500458049238436e-02
2.843420153245200532e-02
3.434733770731523278e-02
3.541656623742105159e-02
5.399814194412533557e-04
6.276273342456510813e-03
2.542119085911663523e-02
1.800928743293746248e-02
4.408270512579699763e-03
2.756264047057103983e-02
3.744428953191641929e-02
3.449771071483944546e-02
1.716334274198718507e-02
1.487553404386453282e-02
3.068859937535713123e-02
3.807712065822022734e-02
5.873580847649831176e-03
4.694056600199756485e-03
3.088456190490387193e-02
3.435926960541860198e-02
2.221252354453111949e-02
2.258970417454417984e-02
3.932921257239678503e-02
1.237689856434906650e-02
6.693386279195840879e-03
2.111179672079483913e-02
9.881595465565898295e-03
8.338310289648896700e-03
1.957961858391665810e-02
2.380183754376040753e-02
1.288966496521399413e-02
3.244093163361453508e-02
2.094804402848998368e-02
2.459584445617423940e-02
4.422361551212938878e-04
3.669467385220185479e-02
6.612530065374961664e-03
2.476062124119250349e-02
3.737277322511517452e-02
1.724533426521429949e-02
1.210455040505789039e-02
2.255454188509171953e-02
2.783705490182449005e-02
3.324084934929216750e-02
3.189436277343837139e-02
3.181515996563968884e-02
3.966695913953412200e-02
1.209135697762113784e-02
3.636281948481608767e-02
2.071132680385915498e-02
2.945331746521898802e-02
2.068830634361327678e-02
2.319329058005742059e-02
1.670697608389145813e-02
3.820672680436807550e-02
6.831353457240778304e-03
3.215842253625300455e-03
3.263292652878304473e-02
3.342500942270995590e-02
2.540116852763639119e-02
3.767293744271311973e-02
7.864006782308762683e-03
2.248329251733337600e-02
1.300321138814060189e-03
8.216855192553232379e-03
6.494446012783372524e-03
1.477740300043674584e-02
2.276068061193481720e-02
2.495900505483793219e-02
2.389919383449346066e-04
8.522476681011496510e-03
8.468459957673347971e-03
1.209072588704327399e-02
2.996410861151433888e-02
5.339901460545614861e-04
2.550699580983164030e-02
2.614621621324297873e-02
2.527527917234424770e-02
1.200153888434700791e-02
1.855448031290483565e-02
3.423705145965730279e-02
9.172536582003365004e-04
2.326574723110825041e-02
3.105716103485808496e-02
1.086820470408413064e-02
3.687160265775610291e-02
4.579481662062301079e-04
1.898313384103773177e-02
3.655127582403938863e-04
2.166087336530478358e-02
3.471261468434554825e-02
2.420988638060592169e-02
2.447850289032606902e-02
2.898456760257206097e-02
2.885352087861238826e-02
2.800507111763000587e-02
3.404359984356082613e-02
3.633737698321208576e-02
2.573613319304320080e-02
3.300570587155199354e-02
5.127698661257787220e-03
2.437926921123077795e-02
1.674267981418327278e-02
3.496950528538315950e-02
6.546517314756253141e-03
1.510768595075398860e-02
3.452772123212598937e-02
3.788380654928779484e-02
4.619647883406376859e-03
1.085362725534753025e-03
2.442374942649873024e-02
1.989469720038244266e-02
1.961225142254936077e-02
3.967742741819318270e-02
6.708858511822075876e-03
2.214986587842230487e-02
3.452722614558411535e-02
1.724993600186179935e-02
3.239749041338193386e-02
3.558405740917827687e-02
2.659260368092219995e-02
1.301752360705850549e-02
6.767775529036117177e-03
3.981341077073569795e-02
2.374317138663724000e-02
1.759373488226450774e-02
7.668460776279033449e-03
3.092509061099755346e-02
2.417547176444182280e-02
2.824278977633418175e-02
2.448079227825683372e-04
9.766680887107193065e-03
2.106197459641816205e-02
3.142062595076501597e-02
6.722449287031961700e-03
2.451088112127037828e-03
2.744347173312116240e-03
2.556065423649439908e-02
1.155392313672341451e-02
7.234892500022796318e-03
3.139798481524538887e-02
2.047286241985896843e-02
2.574631368262568498e-02
9.920311040876423139e-03
3.038111767381159595e-02
9.178126205918948552e-03
9.008361418400334664e-03
1.394925521781956862e-02
1.827127556695174251e-02
1.256154166520830062e-02
2.873245914957763686e-02
3.306219047978571635e-02
7.828726061951956847e-03
1.804104734981590991e-02
2.661315910599768714e-02
3.230785432751897418e-02
3.776131286653849894e-02
9.318033757584869708e-03
2.654413972476688324e-02
1.315285728773484854e-02
3.565080294912458675e-02
2.750986287863849827e-02
1.873130864865503453e-02
7.118953128674792089e-03
6.597438549777115066e-03
1.849588452723281012e-02
6.641283466584812882e-03
2.246045787566121332e-02
2.552917790746271967e-02
3.691257092548987442e-03
1.002665822928843625e-02
1.251862782133828823e-02
2.802500945530805770e-05
3.141207797902195731e-02
3.716586000839618847e-02
7.106016537910311501e-03
3.987948210946514610e-02
2.725900464535297926e-02
2.324437779416394304e-02
3.759552780172543962e-02
2.276405118653550622e-02
3.238728934449564695e-02
1.057759108518614016e-02
2.117301051023236930e-02
3.526883897472845447e-02
5.458314501822059519e-04
3.676125940298036882e-02
3.363710654861029777e-03
2.296824639395140047e-02
3.048125573501628965e-02
1.289690489617397601e-02
1.966331066237754412e-03
3.182995595968556718e-02
1.743364058886418683e-02
1.358444820037609316e-02
2.886952992447853680e-02
3.432293612040902137e-02
2.193377077880026213e-02
1.000012855361384276e-02
3.914675566652730219e-03
2.735649305259522587e-02
2.995754689145269448e-02
9.255187195514108164e-03
8.103316599161533920e-03
2.680221745490957500e-02
2.203372007222408405e-02
3.052253681562077867e-02
3.603705202166694599e-02
3.643105783307865053e-02
2.796058838885167631e-03
2.789851807849364970e-02
1.896234332311234547e-02
3.195632005063920450e-02
2.002464994593069689e-02
1.142028458858698053e-02
3.005786019249531010e-02
1.386302356080154619e-02
-3.549364582415649727e-03
-5.665129758876635835e-02
-8.613422509683769934e-02
-9.211466890597402868e-02
-9.172059200483423380e-02
-3.870400833823339770e-05
1.416115558645542061e-01
2.603794082909817731e-01
2.984858192449282299e-01
2.613285780178506434e-01
1.203585804951994576e-01
-7.562269165116448227e-03
-9.918910447572627798e-02
-1.199100697641140578e-01
-1.011626773273268803e-01
-3.211628808073258706e-02
-2.300024689630302682e-02
1.077074690227434323e-02
1.597521589561157890e-02
2.784235668816137724e-02
2.976040767860939351e-02
2.476768878519773273e-02
9.649546257174351424e-03
2.384586248138751211e-02
4.269026049619846844e-03
2.960614417761896558e-02
3.234691899780373775e-02
2.964117861154833000e-02
3.645918954005945151e-02
3.699254757705527571e-03
1.031285916820787532e-02
1.214976135998853575e-02
3.963119428899402469e-02
1.793970341340067609e-02
6.579642602048340998e-03
3.932068839156249024e-02
3.135340696334898620e-04
8.878754759759433304e-03
4.052513175814223198e-03
7.689771361994553016e-03
3.491911525874161898e-02
2.927615443027236503e-02
3.544156933650752933e-02
1.075407443253520272e-02
3.780176918790003476e-02
3.002981620419355527e-02
1.274987822546587088e-02
2.553062897073272650e-02
3.801252087366071425e-02
2.126752884911271499e-02
2.989276181341474214e-02
1.958049629327431734e-02
6.853257846761122776e-03
9.501348519202746506e-03
3.894659010030471213e-02
3.628913549077253387e-02
3.366966725095417445e-02
1.286536983653572760e-02
1.900595038367120307e-02
2.113670704705575970e-02
2.877586342716829254e-02
5.622031275192979939e-03
2.016928916226841048e-02
3.741103300980626236e-03
2.929423927540511854e-02
2.465793802846045699e-02
2.046788744544625685e-02
3.742715644252425644e-02
2.994946357493857500e-03
3.696838529891280367e-02
2.115923256124058877e-02
1.241621886515162972e-03
8.982543555154674786e-03
3.417302006745055742e-02
2.850518926543369608e-02
2.752883275437757737e-02
1.352958644353472947e-02
1.020485729881874352e-02
3.836653210419447256e-03
3.492642977766474699e-02
2.817788044859434460e-02
1.981768299936906980e-02
2.549826547291185290e-03
3.271660249519550701e-02
1.239239002559269255e-02
8.238479859810899503e-03
6.759205958931673551e-03
3.262415288663305518e-02
3.099580534754587183e-02
1.468163480668583341e-02
2.097801443744666539e-02
1.360336047093530995e-02
1.608082423762310226e-02
2.819694286435694974e-02
3.445839268200923816e-02
2.697537298854143367e-02
1.474776795288424000e-04
2.694287158905465940e-02
1.327050303771949713e-02
5.640507601981097248e-03
2.535298196531113324e-02
1.020225190893560459e-02
2.720146715907012513e-02
4.284196716020391947e-03
2.088040873584415952e-03
2.801540176255322076e-02
1.132248374555581277e-02
3.485440632559252266e-02
3.026894932309794756e-02
3.467083086354301458e-02
4.299265284593634280e-03
7.111374115299167083e-03
1.035700985026180056e-03
1.739636468497650010e-02
1.126094958142429556e-03
2.673445782163268603e-03
2.246209688901412704e-02
3.258558993219828805e-03
2.274157584893856526e-02
3.207457559974032091e-02
2.954969928561208825e-02
3.279293902468220778e-02
1.782478903717737637e-02
1.516026786508502429e-02
8.739397832195532415e-03
6.599816330625531829e-03
8.756448786073756443e-03
3.995191539702677014e-02
1.292665510049183231e-02
3.613923713192335185e-02
3.491817105353461209e-02
3.781542879752895769e-02
8.210823500063205160e-03
2.451644586608838286e-02
1.635155929414080014e-02
2.146942589824130283e-03
3.345975888987982177e-02
2.301935117262159103e-02
6.251439324706171800e-03
2.106809242650609052e-05
3.168996630404046118e-03
6.114188957518247418e-03
3.599010177767830720e-02
1.581956407096781966e-02
3.140096046075779856e-02
1.866335946844257035e-02
2.070103108680323989e-02
3.910444865994090052e-02
1.852699298984408077e-02
1.925733618950293755e-02
2.261871317364305776e-03
1.544554124200714883e-02
2.829136917300826073e-02
1.538302435025874770e-02
3.402568744098162512e-02
1.369737799038847799e-02
2.178995129127310124e-02
6.669503383784620640e-03
2.514106840714463303e-02
2.564636710350165320e-03
2.307264941515479312e-02
3.503001754932260486e-02
2.256224876744501381e-02
7.544808531236810688e-03
7.048943752725658068e-03
3.517303668770157404e-02
1.256413406876807567e-02
2.277156674595427407e-02
3.697973697309814289e-02
6.792158875472251514e-03
2.289763517474323676e-02
3.645541352206791482e-03
2.891125290471933951e-02
3.532874350226561377e-02
1.775927148899319671e-02
2.836927217909513896e-02
5.169449874114646556e-03
2.046957616339771177e-02
3.556199188595190585e-03
3.925861208021241833e-02
2.427876705804405191e-02
3.856904477800673220e-02
2.820648055427705039e-02
1.859467564954284113e-02
2.082827773721362616e-02
1.628031881728339569e-02
4.831982414795881094e-03
3.670881879343492610e-02
2.825980428285930490e-02
2.286121371646064951e-02
5.552164743222185242e-03
5.176086873855960564e-03
1.072691469237728977e-02
1.312481224080869896e-02
2.890067945354095683e-02
1.663261655900565277e-03
2.618220987719551904e-02
1.564352958015029910e-02
2.657552417655191512e-02
2.532412183113388199e-02
2.850475227466803957e-02
2.469514649852419183e-02
3.047571166323125025e-02
3.896896487895909478e-02
2.883937431002359109e-02
3.450021462433964375e-02
3.868376370698560496e-02
3.959755646060752338e-03
1.239409564827421463e-02
1.451471668403740960e-03
3.491224596805769798e-02
3.967919733504574054e-02
2.937668857725839536e-02
3.795977285194331724e-02
3.972138324807416437e-02
1.735982344909971567e-02
3.116861364585832642e-02
3.496888947695710875e-02
2.132382834246521544e-02
2.117551494716593541e-02
2.575629956864409348e-02
4.434296111496234018e-03
1.791775038581103902e-02
1.877934792474224984e-02
6.564492100062216222e-03
3.357467219817279747e-02
2.828637714834632191e-03
2.866391850627996590e-02
3.840828826345076691e-02
2.997373110933176585e-02
8.262873241218890788e-03
5.202729337598111263e-04
3.802310920785672427e-02
2.756234072075573055e-02
3.261497546760561833e-02
1.693185647966623242e-02
3.388749710195677889e-02
3.359072897051307988e-02
7.419014623162929062e-03
2.405892941295182177e-02
2.182826183076707130e-02
4.010462934343576695e-03
5.730236286677050685e-03
1.456347026607057726e-02
2.532243602235173877e-02
2.855867732482101490e-02
3.411246532614617410e-02
1.309713486579786555e-02
1.101548473708556346e-02
3.551508689714970302e-02
7.578545839365610770e-02
1.122124406837362726e-01
1.508645131958034902e-01
1.764320579357745167e-01
1.338194193391065157e-01
4.608631580712735376e-02
-9.664483709355700669e-02
-2.406323713057439417e-01
-3.317265784869889989e-01
-2.484455629707453539e-01
-1.132097438211345092e-01
4.338002675827988541e-02
1.350374927014484361e-01
1.657147925235994135e-01
1.459311168665100855e-01
1.157677353370575313e-01
6.278005256648336307e-02
5.034300893905903351e-02
3.073116665989406027e-02
1.765859373174182012e-02
3.159906916256866038e-02
2.592863562874541880e-02
9.490049329935410991e-03
4.540083280065357503e-03
3.498819455392945116e-02
2.721457605194346763e-02
3.823641914192725533e-02
1.727662170829851254e-02
1.507531025225084323e-02
2.587595434223168012e-02
2.306638541911833554e-02
4.196007514981942368e-03
8.899309789171047300e-03
2.088919694467772370e-02
1.783365599500460639e-03
1.099774615595420363e-02
1.916953028140606224e-02
3.877456477457245920e-02
2.713288418919642883e-02
3.297889180720469521e-02
1.475306841049480594e-02
2.897963689545486610e-02
2.731990930638859144e-02
3.416929480646282297e-03
3.900787924997201062e-02
6.537618865684624928e-03
1.905888215616440180e-03
1.170020979540998575e-02
2.669441055695163240e-02
3.611894219583012405e-02
3.796397687226840678e-02
1.573525260374636706e-02
1.922310103690573480e-02
6.148887191030513906e-03
2.272231161046643286e-02
1.970674431245238167e-02
3.616726755014190026e-02
2.558470420612194221e-02
3.711022726279820244e-02
3.045798216251022553e-02
2.289516524554667531e-02
9.753582207216546229e-03
1.242640084190823474e-02
4.904329792816538788e-03
3.504267820175522435e-02
1.200075923661641890e-02
2.262889687408495623e-02
1.745698846781841909e-02
2.922009290844109625e-02
-1.746489082711572341e-02
-4.259773355394170374e-02
-6.527914028067782759e-02
-1.253442570088620645e-01
-1.658398380558266383e-01
-1.442935776526352021e-01
-2.214147722048998013e-02
1.705750367369063547e-01
3.786919574537745414e-01
4.468803576767192975e-01
3.703682661831917966e-01
2.009777616217757190e-01
-3.008463679361846749e-02
-1.444530221572075113e-01
-1.568269946020113825e-01
-1.375825480449439919e-01
-6.964994778567043521e-02
-4.007619479177250421e-02
1.908881030422023700e-03
3.149562530049358419e-03
-2.748010348950668223e-03
3.255248357044569080e-02
9.283509184998170113e-03
1.915872756641807603e-02
8.488601147481020584e-03
1.757829133819143949e-02
1.688911113463635594e-03
2.581552493775711443e-02
3.609178484108087337e-02
2.889480480101658602e-02
3.780397201883523711e-02
1.387034337745077749e-02
3.461323053679876000e-02
1.821210872284368884e-02
7.874746577897695152e-03
2.983040500951170820e-02
2.030453370956166164e-03
1.448438246701393844e-02
5.090743591606288268e-03
3.320214203783405926e-02
3.023759872032192458e-02
3.688811190076869001e-02
5.894203832661850696e-03
1.850386014440593557e-02
2.880438117967189932e-02
1.409571257998094547e-03
3.398357476984836117e-02
3.637744782064197824e-02
8.614448489065975462e-03
1.456922172223988968e-02
1.380812306800683308e-02
1.340922185688085341e-02
1.528951109579570426e-03
3.839043513579394606e-02
2.892444339811033049e-02
3.921187345678280728e-02
4.530412955533642816e-03
3.363295682509990364e-02
9.958934665570677580e-03
7.925537593333453409e-03
2.357077806439346682e-02
7.468812471183854107e-03
3.651098238113619637e-02
2.354910638302641288e-02
1.502089899486675623e-02
1.180436617127451557e-03
3.560987858543553791e-02
3.258757617279095607e-03
3.477222395949617489e-02
2.198727714687858086e-03
3.784691630976922544e-02
3.190187054969177705e-02
2.523684366940043625e-02
2.256058402847960220e-02
1.589254307989035678e-02
2.165562698608359052e-02
2.739756222934533123e-03
3.671957976531001200e-02
5.839692866061594462e-03
1.170641205311087965e-02
1.710583733669690173e-02
4.701674068574148400e-03
9.231286492159136367e-03
1.326696915076801091e-02
1.389091269308416129e-02
2.604987311022388674e-02
1.036708870635528155e-02
2.840196621404501853e-02
3.062528507322248225e-02
3.067671734710731776e-02
6.433230036705572460e-03
2.363846840509548422e-02
3.213398509776841522e-02
3.063666772183355758e-02
3.680893516278493233e-02
1.467680823831970724e-02
7.434594786047594300e-03
2.585784033852248781e-02
3.237932214149215338e-02
1.211136856177393722e-02
3.610328309636140487e-02
1.605300150605606935e-02
3.296459571508093822e-02
2.477994483386607855e-02
2.652960291574045504e-02
1.837622200886821627e-02
1.293923873610908389e-02
1.757542599709264325e-02
2.117936062293244992e-02
2.978240558118106299e-02
1.214194521072653465e-02
2.058978417590568225e-02
3.861229420257546088e-03
7.221427842159391583e-03
3.702543502247269275e-02
1.763669767007452344e-02
2.836158097406218589e-03
3.158781576940570233e-03
2.660110030959952909e-02
5.568563342861207639e-03
3.487089576305728300e-02
1.015015818515124096e-02
3.525109823889242128e-02
3.848988906569975749e-02
8.045476167010567892e-03
2.117428377210369903e-02
2.984955320218943622e-02
2.250731732473897420e-02
3.448016009931226256e-02
1.289513747970389042e-02
3.891688379837120876e-02
2.093909742236903584e-02
3.124773786078407362e-02
1.220856408602893732e-02
2.232442835447283683e-03
8.461417940333504362e-03
2.831093982400165188e-02
2.042109291026956638e-02
8.188937532413280429e-03
5.853128911834644225e-03
2.780223217750103087e-02
2.234450961438696689e-03
2.228357070056624992e-02
1.770146737706124055e-04
6.256752662880176070e-03
2.327889738421941301e-02
3.040298326252078784e-02
1.344731878266226810e-02
2.040705585084690021e-02
1.748717481391442660e-02
2.797069954023111149e-02
3.419082211002950900e-02
2.710422625386285644e-02
2.867600597276543858e-02
6.475842300701191261e-03
2.646236138199742696e-02
3.886083118218693067e-02
3.295387012482082351e-02
5.578825759909187589e-03
1.474012915343120983e-02
2.963643586908697170e-02
1.980502306487438857e-02
2.721151534417774742e-02
3.873052315554028485e-02
1.487724496261074933e-02
3.070858746246283785e-02
3.153981831374700479e-02
2.999477418983667945e-02
1.096955190734480966e-02
2.812608575862803051e-02
4.825347908818100433e-03
1.934839783468601457e-02
3.840749236072651951e-02
3.168828725994814188e-02
2.740213065051095090e-02
2.873220709563053740e-02
1.008503222844891849e-02
2.730642540723021011e-02
2.451695319974259591e-03
-1.177281149265766921e-03
4.391297176938795815e-03
9.627200622016534454e-03
-1.787072875524474413e-02
-3.145339343780965274e-02
-4.255147433660980139e-02
-3.829341527733657463e-02
-4.714073922032538909e-03
8.803566422592022656e-02
1.516187620124367919e-01
1.489901333308774889e-01
1.291602123585058048e-01
8.279347359994493338e-02
1.135840081519901013e-02
-3.136574747169895011e-02
-3.803666447643007376e-02
-4.352114998517468691e-02
-2.770321794249000144e-02
3.744951327165176730e-03
-3.505569540623382913e-03
1.057620616678960589e-02
3.050665029430774805e-02
3.714749107245195886e-02
2.889676955540539452e-02
2.222607759727300222e-02
9.865880956598438098e-03
3.257500764176460371e-03
2.372091608509219879e-02
5.211572227788263765e-04
1.184974800348706460e-03
1.497693293678348248e-02
1.283934439145724589e-02
2.137244841711838372e-02
5.771933127158250000e-03
2.851402886914862836e-02
2.416506664161089529e-02
2.449382401097194642e-02
7.452352039184395940e-03
1.717951175287935062e-02
2.715485538649069219e-02
7.537819843594108921e-03
3.713834696302749372e-02
3.090921986816973568e-02
2.988928126677641104e-03
1.245444285120062174e-02
4.139417336826580786e-03
2.640393156313014175e-02
9.468029311908937248e-03
2.927973544498031419e-02
1.366520417108163521e-03
5.705680524753909246e-04
1.876800350669106596e-02
1.584660908640984217e-02
1.098421573088048664e-02
3.852918005982693128e-02
1.314247443735939123e-02
3.454945329559098999e-02
6.757988440897513306e-03
2.637058988357482772e-02
8.882361165908072079e-03
2.548387017694724727e-02
1.086807334879484957e-02
2.325049757072578799e-02
2.921398644113884502e-02
1.104813764981857870e-02
2.381365171856704085e-02
2.734710240705323300e-02
3.959590418016065150e-02
3.515749366753288113e-02
1.327612576263668227e-03
3.079805327266647852e-02
2.747762429558042382e-02
2.288919740197804462e-02
2.235186183780477065e-02
3.533330787882792839e-02
1.979327930975028141e-02
4.800410238352172815e-03
1.349406924984247920e-02
2.477019366030195485e-02
7.570496834828990135e-03
2.935937479488531440e-02
2.149530268998115640e-02
2.269201507886360342e-03
1.480241208070661590e-02
1.472238694812220191e-03
3.435668545579631181e-03
6.821343739379708178e-03
9.801006165280665150e-03
3.793832796722618889e-02
1.867835310692235115e-02
5.108696505941518959e-03
1.239260018488612218e-02
9.574274909200352832e-03
7.651296760926152088e-03
3.240437280479685489e-02
1.020094435526343324e-02
1.268764926765615338e-03
3.871951986793770867e-02
1.307258746310097260e-02
7.246897748327838472e-03
3.331552083430603522e-02
1.797104597886310315e-02
2.343792409464935667e-02
2.942065389102617098e-02
2.264625069368975119e-03
1.359941807710363972e-02
2.716586684164802243e-02
1.037021912796486089e-02
3.423241754104084517e-02
3.704425693094256372e-02
1.743258488645728702e-02
2.394472010957589270e-02
1.259117006005414617e-02
6.869243695371478851e-03
2.322884413444845780e-02
1.262524173505151157e-02
2.523769543016915473e-02
2.123901463788560942e-02
3.952379589694617751e-02
2.328452446824785110e-02
2.419569383567627893e-02
1.220579131593832120e-02
3.635022315008796384e-02
3.240567602374679751e-02
2.087165941201395147e-02
3.591480427889406218e-02
3.866616792349389375e-02
1.491822736793784604e-02
1.582380449208360684e-02
2.968480611126393665e-02
2.951982014310687748e-03
2.336303486664541643e-02
3.222069505425957658e-02
3.587770189166455959e-02
3.101829328013016793e-02
2.126485779973939783e-02
8.328246357515665596e-03
2.019809432594486115e-02
3.506730936633029039e-02
9.237815502762680578e-04
3.759264395272480380e-02
3.601371240139401853e-02
5.324903106868461751e-03
2.480742614948166364e-02
1.625158182349393382e-02
3.073639531586917772e-02
3.109299323711365269e-03
2.983986267783606677e-02
2.456642883737659641e-02
2.142790201528025490e-02
9.072168578737249342e-04
2.491997489594564158e-02
1.578881503454909394e-02
2.903474939612422229e-02
2.291557952153550765e-02
3.280996323210639415e-02
2.287528413285824791e-02
1.978705219250076301e-03
6.665045673675234171e-03
2.879429564920883006e-02
9.188928495306437211e-03
2.495843020636949808e-03
2.736816868947035408e-02
2.257809451801593911e-02
2.280914567796322664e-02
1.238880173424947335e-02
2.304283686387559663e-02
6.646151584480834706e-03
2.561793262690060732e-02
2.167600588962631178e-02
2.980762551597759824e-02
3.947667000069686460e-02
2.942537867821296699e-02
3.465090466391144985e-02
3.658548877637894658e-02
1.401065359374204997e-02
1.555299091446500290e-02
2.118320858849851926e-02
3.572075975028419365e-02
3.786454400981001389e-02
1.610055601317173998e-02
2.127715181189861193e-02
3.443768778872419167e-02
1.635311441391741963e-02
3.255780558552045373e-02
7.322712433701563696e-03
2.957330483462889542e-02
1.203189100212887809e-02
3.810668316730578958e-02
3.146099993651538945e-02
8.860408221066288711e-03
2.117861115537127831e-02
3.931311216556035437e-02
3.179862581087059686e-02
1.155458233821563679e-02
2.634835653947778869e-02
1.392962525486427135e-02
9.587862838002286434e-03
3.769845220821937959e-02
1.996795053834759040e-02
3.325306065392696214e-02
2.509884550643251902e-02
1.268400157044657396e-02
1.547799091336724345e-02
2.382084378776497258e-02
3.284464363425281669e-02
1.202902609076685926e-02
1.908434587999541287e-03
2.868543044807577921e-02
1.106606624747289228e-02
1.450858872901064980e-02
3.103242077286959624e-02
2.948379973364789394e-02
3.099814437014378199e-02
1.291715895965142059e-02
1.545429198870520819e-02
1.356855040623386292e-02
1.680303120973696690e-02
3.295797792384282110e-02
1.694399861452384332e-02
1.844793297247240230e-03
6.552038032619393777e-03
2.307579391411570396e-02
3.821789268854783317e-02
9.190689091613978706e-03
1.349636841932701226e-02
2.943971646391065761e-02
2.174337677597506461e-03
3.149781770047207358e-02
1.222223484946261506e-02
2.335826136592219354e-02
2.942268069037160677e-02
3.045075896550267919e-02
1.046156285799086476e-02
3.488498640450359706e-02
2.880392960806250208e-02
3.579656615002653041e-03
3.387597260092363449e-02
1.589638783937956379e-02
1.342599424892618794e-03
2.220194184297736781e-02
