2.297618121806159746e-03
1.010429040011368192e-02
4.578079910609234374e-03
3.092533825782955645e-02
3.231474671384268471e-02
6.454247924856897425e-03
2.409764496630601230e-02
1.609376557747763592e-03
1.783758551043477733e-02
5.083563964939110530e-03
2.001412688735617479e-02
2.388356850092299144e-02
2.588452490887952623e-02
2.423535327649296509e-02
3.500158847713732979e-02
2.164321035490277684e-02
3.113584457373472919e-02
3.603841440287397502e-02
3.078419751710496227e-02
5.579536168441543223e-03
3.846900138605049979e-02
3.783133095343958058e-02
3.053679967313558535e-02
2.374882025468316631e-05
8.016012546679713094e-03
3.151864652243229620e-02
1.376063073952882819e-02
2.443105458395067320e-02
2.557211063494526683e-03
2.588068761114431862e-02
1.963298103974362580e-02
3.612655760258731003e-02
2.411397727648887518e-02
3.600366290919106149e-02
3.992373777124044038e-02
3.439334132548384215e-02
2.345909857290542216e-02
3.666758916272296748e-02
1.273388033435846750e-02
4.326100536357540237e-03
2.816561880914539642e-02
1.710873557909204853e-02
2.428823187421318489e-02
7.889883708583601829e-03
2.059177895025100791e-02
8.448681401385993439e-03
2.813564081814715415e-02
4.155479348311912416e-03
1.443312915350603888e-02
2.488759260886436522e-02
3.086827309748430351e-02
2.616667830751246565e-02
3.797904911773350781e-03
6.154767020363643287e-03
1.870232792809889411e-02
1.917449744349283836e-02
3.245543032797025551e-02
2.182789053375303046e-02
1.208149758303036017e-02
2.551453248802387080e-02
1.524211561257779977e-02
3.270391513572601383e-02
4.657064396942187275e-03
3.661388137292621858e-02
1.494809893638488971e-02
9.236522759292093224e-03
3.439381470955635289e-02
2.100181027005329146e-02
3.787180097700446058e-02
1.626206540253953906e-02
3.292067820767110610e-03
1.611486414249776317e-02
2.754497016585224362e-02
1.761399332121273836e-02
3.735474946302430599e-02
3.510857080275942704e-02
2.530642947184728875e-02
3.577482550321722105e-03
1.824550124785040460e-03
2.214495925895615738e-02
7.668493526282218510e-03
3.702759818381777535e-02
3.615442889912568597e-02
7.119316192047229347e-03
3.759781751126483468e-02
1.511848803194827673e-02
3.145663238801086475e-03
1.633320868706542722e-02
3.689815225394596498e-02
2.521705849812432010e-02
1.000393797552535068e-02
3.686748906716259128e-02
7.399558825370311250e-04
2.374354377073821867e-02
1.144998752592693743e-02
2.839890044041652739e-02
1.016498107766320574e-02
1.655980539210839472e-02
1.680995348669027389e-02
3.498690569939153644e-02
1.418065932295093853e-02
2.410756213022743552e-02
1.935224676948458372e-02
3.620879699183157663e-02
2.885280483079965749e-02
5.977851267625710827e-03
3.768036304471582970e-02
1.576027322425894300e-02
1.080957813666768436e-02
3.048223440598098882e-02
1.470245191469625803e-02
5.749208981641107440e-05
9.048143386207373184e-03
2.867783543843990465e-02
7.527874499125952745e-03
1.766598535276312290e-02
2.372112965943615898e-02
1.540581151412234208e-02
1.908560930297831292e-03
1.601277616402181289e-02
5.223027728206175793e-03
2.989698201787533999e-03
3.175434366557159521e-02
3.386898887744174691e-02
1.655896103663117083e-02
9.203543430374949664e-04
3.914476715680950680e-02
6.124649286309238709e-03
2.095688209285468534e-02
3.627446938016740813e-02
3.798280817277037424e-02
2.893376887658837340e-02
3.456531957809595018e-02
1.043613715975788515e-03
3.965453761190628618e-02
3.138417732287174938e-02
2.297369696971199998e-02
1.173476150661745786e-02
1.749772245452284672e-02
1.381855463595190077e-02
7.212224019421960286e-03
3.142653947803686343e-02
3.639406150948057417e-02
1.187439505615373037e-02
9.518042836350027423e-04
3.482896109289935344e-02
2.452470916186788932e-02
8.536123759418373300e-03
1.903737756088620670e-02
1.820008225314682579e-02
1.184809216536287201e-02
1.664118661605044208e-02
2.217849629686696918e-03
1.071816528916030679e-02
3.249673511169699075e-02
3.146102442853142278e-02
1.264134779797394977e-02
4.143426644898032078e-03
1.219646536371837668e-02
2.765130703773143253e-02
1.466308738743281846e-02
3.079427761096959273e-02
1.355084880639634802e-02
1.682058662393820861e-02
2.462458213497846840e-03
3.147076749181136612e-02
1.953588417431606147e-02
1.338766918864858942e-02
1.228967689105441886e-02
2.570254552733377412e-03
7.640767032586195592e-03
1.297720764957999054e-04
1.354205617621091935e-02
5.483374854030680437e-03
2.480504179142094257e-02
3.686619150827891156e-02
1.331922622223769871e-02
2.815013691212119376e-02
2.215713810138119147e-02
2.601614259671096788e-02
1.614811918778248645e-02
3.581731209903326468e-02
2.984425183363597061e-03
2.291928916777588934e-02
2.454979340002655733e-02
1.131790724055029701e-02
2.976875980014180578e-02
6.593700755732849646e-03
7.193315214143188030e-03
1.560917631772676742e-02
3.422356750395719183e-02
2.253854443811629388e-02
1.773211722802427517e-02
1.893222085507625940e-02
2.829929130416198105e-02
1.923252431425378703e-02
9.466239018517140502e-03
5.433922811971502939e-03
3.516412375986694566e-02
3.178792968934264496e-02
6.280849200146793911e-03
3.127725415123078223e-02
2.084371066161095840e-02
3.333999188204581771e-02
2.472344909255303272e-02
1.437007969062751396e-03
1.076082909148699460e-02
1.327417095562793276e-02
1.236641097242613223e-02
3.199785906685839038e-02
2.119434629216233879e-02
1.508975471795131335e-02
7.532813618115628308e-03
2.447247938980799675e-02
3.760187393343930248e-03
2.961537804427087986e-02
1.333277911868880304e-02
2.469640833688524733e-04
3.797561973307325700e-02
1.662266874357641935e-02
1.319878988922897067e-02
2.066279106943965868e-02
1.399198593035180273e-02
1.896634257687425731e-02
1.261193001432728625e-02
3.122413194990911883e-02
3.709021299489330403e-02
4.762152939731083279e-03
3.513297951205557323e-02
3.849613266331967237e-02
2.388552897098858083e-02
1.476156755192442778e-02
3.322453726881089558e-02
5.013510764829622914e-03
3.477339124622087774e-02
1.414324493392622555e-03
6.062356059411615899e-03
6.347729461336993001e-05
5.827690083164567200e-03
1.879817481986141223e-02
2.464715409235360838e-02
1.497581598248793819e-02
5.275266497950856573e-03
3.741657194500331435e-02
2.794236306879185894e-02
2.687712974623487905e-02
1.068404754232479652e-02
3.568820243452934526e-02
1.192798377656032437e-02
1.060773965492891983e-02
3.448378355182492305e-02
1.088450877125762828e-02
1.298435189048483332e-02
2.534787135127657826e-02
2.401141272837550270e-04
5.987879944037178929e-03
2.753282079476401453e-02
2.587588277369130482e-02
1.079366034224566763e-02
3.717713450362831323e-02
2.265731256864428680e-02
2.724768287142144071e-02
2.307839370651830133e-02
2.175197048180361678e-02
3.703817642380635711e-02
4.205972452011259854e-02
1.805490199950314512e-02
2.042898201589476298e-02
-6.903463077442210938e-03
-1.713497019384213962e-02
-3.526145218258818631e-03
2.335077391297518679e-02
3.577138615990715226e-02
3.559823022264710368e-02
4.734822335679107763e-02
3.830510744430803971e-02
1.073468878132436896e-02
5.265783762988254617e-03
2.737772416722698138e-02
3.068886523416670259e-02
1.041206452851224998e-02
3.954367131896131121e-02
1.299327785405204883e-02
1.791628878940181718e-02
3.761955968933540918e-04
9.838375161484617243e-03
2.026264222363883399e-02
2.343509665519889068e-02
1.050829569451462372e-02
1.256785794780102342e-02
2.058896104044122960e-02
1.666514983585615228e-02
1.568384120308613516e-02
1.738959990422714666e-02
3.122345022727763750e-02
1.263298110516425203e-02
3.032374836520285860e-02
2.693352192587855978e-02
1.004684656957609279e-02
2.570966311406158375e-02
2.568071467487911125e-02
3.887408382974526927e-02
2.702294297679137119e-02
2.104445160860829098e-02
3.842987060011136130e-02
3.054006577828856112e-03
3.080700051333700243e-02
2.307138284860317523e-02
3.292580706374507310e-02
3.170575717788124553e-02
3.932623585934860201e-03
1.243072730559312798e-02
3.439284259613894362e-02
1.197786999355134052e-02
5.709308164241324278e-03
3.790587843740756552e-02
3.587177636307358614e-02
3.424881172425057324e-02
3.828417933203277085e-02
2.145785752393902790e-02
3.509816186276817906e-02
3.654175521938692744e-02
2.003025498694080420e-02
1.014799343950405046e-02
6.924582631436604699e-03
1.648557051472105545e-02
3.479774460509157952e-02
3.902942338385420595e-02
1.570564120031626640e-02
1.090090000877567272e-02
3.005652035451404983e-02
3.372731995708826494e-03
1.371661702369679839e-02
1.162989529080147785e-02
3.263084656578253695e-02
3.342146776186645518e-02
1.494276598773632697e-02
2.839436612396564752e-02
4.312105707067170543e-03
9.326690054933011592e-03
1.470049003996865000e-02
3.249413107101806891e-02
1.797048294610887470e-02
2.811948453840367249e-02
3.315172931979287752e-02
2.849474758876240424e-02
2.765765153703587942e-02
3.772214618851141982e-02
2.941520038075157509e-02
3.572234706432078633e-02
1.961871692373728590e-02
7.892200379538895361e-03
1.971479264194069339e-02
1.752265285775121348e-02
8.363601323719511288e-03
9.023573804524644831e-03
3.683071082192508616e-02
2.241434834175562787e-02
1.860238981602137243e-02
3.757395221217022657e-02
3.434145070023011254e-02
2.189356147715208929e-03
5.841341331704618962e-04
2.906718350467534309e-02
2.070976545518318432e-02
1.816549049915528249e-02
2.129307723239893743e-02
2.626166341838265250e-02
3.843407467575479103e-02
3.671659434802198446e-02
2.261851723962899491e-02
4.684103024658829890e-03
3.101857898400284252e-02
2.930600584786931251e-02
2.247560932031702000e-02
1.771428629904195709e-02
2.724585221138293989e-02
3.503783237681472318e-02
3.443675109272468018e-03
3.395320503736263401e-02
3.076798161477363111e-03
3.789642368003148104e-02
3.635121689676640289e-02
5.220431748202524879e-04
1.735960678605782959e-02
5.600504917808986002e-03
1.364634111078777412e-02
2.400958698535239980e-02
8.948658054720918728e-03
3.966278890532386886e-02
3.191493500601345207e-02
3.139129061564277512e-02
1.394662291655452552e-02
1.849818106396603629e-02
3.535935800033756377e-02
3.531835794701731340e-02
2.752353190154339675e-03
2.359915364038790361e-02
5.923414136322064857e-03
2.892818439596316765e-02
2.549531452999337020e-02
2.433182949200080741e-02
3.289151321915026460e-02
1.180228306728179841e-02
3.003778096594942812e-02
1.005051819705329299e-03
3.105774226000057245e-02
3.106165752202056513e-02
2.971628532735564113e-02
3.509868040103955589e-02
1.084171700786886253e-02
1.110948565544040909e-02
4.823026205041301001e-03
3.813318269099533198e-02
2.471410204002120678e-02
1.508637183543239460e-02
3.861433826194651375e-03
7.521995683459947561e-03
2.337735491006530039e-02
3.275146979848693463e-02
2.028587769734137639e-02
3.516609675813900035e-03
1.233212674470517134e-02
4.865556795087991153e-03
6.255965018846487355e-03
1.824080599486777011e-04
1.615563841158762851e-02
4.393452518347285181e-03
2.075828194585433231e-02
3.337622007318580275e-02
3.756827138972348296e-02
1.651337674685401588e-02
4.013105325549575463e-03
1.111418437131951945e-02
1.403692611837329546e-02
9.017526183312059643e-03
3.388221948011948398e-02
8.806440220842719560e-03
1.779631481596844964e-02
8.846502115986009870e-03
2.789775517015513281e-02
1.796516679155187729e-02
3.481730217815122430e-02
2.608863684563704835e-02
9.590352132804663005e-03
1.635637861872583573e-02
3.927594977945975119e-02
2.053434764822485020e-02
1.846440586141345416e-02
1.118908232339559322e-03
3.578489508412027731e-02
5.686876330419301726e-03
1.390876347603959423e-02
1.032120407559025156e-02
3.681641300435264941e-02
3.925374398624948552e-02
3.806078262573894117e-02
2.159069839824018580e-02
2.302235855269052327e-03
3.372104112172556734e-02
2.230260662843821032e-02
3.201984421954970350e-02
2.590976024561633673e-02
2.777617430884050942e-02
1.475792543191482148e-02
5.351399660463731188e-03
3.438617938860204226e-02
3.436483494606994149e-02
2.564711152609094533e-02
4.152564036187702222e-03
1.386070163785210925e-02
1.281404720283088432e-02
2.588096994609739160e-02
1.015214330248439926e-02
1.107455894817776978e-03
3.449717590301216302e-02
3.754895569980116338e-02
2.162284177243748232e-02
5.957752186019642585e-03
5.685208660405573731e-03
3.980440931750518080e-02
9.154976993169335400e-03
3.069659530063813258e-02
9.097290069879861510e-03
1.678865752088985405e-02
2.096872782518791056e-02
1.745453249196842610e-02
3.931573049382433571e-02
3.173996689584539233e-02
5.549637630990380231e-03
3.222876443575696526e-02
3.686593221239455043e-02
5.585018988218757446e-03
9.099749511841693020e-03
2.583185854324792155e-02
1.196908054274413435e-02
3.971850033711961034e-03
3.829245735515889731e-02
3.118796891190555795e-02
3.250720156874506439e-02
4.261125870647884673e-03
2.784593599793916061e-02
2.492641052347917968e-02
2.168870857661088503e-02
3.645726580915382986e-02
1.734328140712569979e-02
3.860433201766459016e-02
2.339553675139250787e-03
1.230363482386370028e-02
3.892869775865422793e-02
3.830794746241272808e-02
5.244887849182820749e-02
7.066637976367992624e-02
6.543511727639840514e-02
9.687725412964250105e-02
6.189803036086802268e-02
1.791662354111061423e-02
-4.083151147693013516e-02
-1.207634580743781882e-01
-1.592108610182073336e-01
-1.259727883817657046e-01
-2.528378941247674816e-02
2.348749769459143599e-02
7.821920220086263364e-02
1.112984009228850379e-01
6.717522340131870662e-02
7.641688766017805390e-02
2.054722102620320026e-02
3.409945281042212756e-02
4.325228880100001616e-02
3.097099020911698794e-02
2.442011925948676943e-02
3.868316704352936508e-02
1.200099573242396217e-02
3.298829631678359964e-02
3.694442200989331987e-02
1.973069854860198813e-02
5.590435089927227492e-03
1.466766413893417706e-02
-8.971012537859518639e-04
6.073171052636619494e-03
-1.460894431847186564e-02
-4.551187045254679459e-02
-4.179199896849136037e-02
-6.646051150946877262e-02
-5.030556971281377465e-02
1.018396506876034086e-02
9.199188387497482522e-02
1.963110709502535467e-01
2.224951598016118304e-01
2.067091874157657716e-01
1.019878092053400354e-01
-1.239731908159725018e-02
-7.075362209996893803e-02
-8.830975339577969152e-02
-6.495848684880521640e-02
-4.426863946096377955e-02
-5.028969971693376256e-03
2.752036802072263533e-02
2.438076737347897802e-02
3.070154529631601882e-03
9.611669193255839919e-03
9.236166299099821814e-03
3.226557722301843373e-02
3.608979242023847844e-02
3.170520110562172894e-02
3.389388361452985721e-02
1.608895801900613737e-02
1.704625825241050732e-02
2.749991622991738993e-02
2.028295750349908347e-02
2.962460055116213076e-02
2.199760871137678223e-02
8.673549616542606047e-03
1.877782349847165883e-02
2.521685369389815509e-02
3.995999575021685901e-02
1.302412999162649886e-04
8.200182063942462740e-03
4.472511825545692765e-03
2.121656780204648693e-02
8.441308163332937251e-03
6.512830508197353825e-03
1.425967825751169211e-02
3.013066208003608443e-02
3.396247456315135659e-03
8.601393184227297192e-03
1.942396456967818716e-03
2.993098278665559317e-02
1.176904066579731456e-02
4.782038337915577204e-03
1.577205485492477396e-02
1.318650351238282760e-02
1.719005379662194230e-02
3.197578442991243913e-02
3.911027466545106968e-02
2.394376419320715793e-02
9.900692459087707953e-03
1.466343777346646414e-02
6.256744869037391375e-03
6.188178053989990338e-04
2.094342621453355174e-02
2.949683093115567506e-02
1.980155693893876495e-02
3.665539549899750338e-02
1.885973598316283834e-02
3.901000787852847151e-02
7.311358979324422344e-03
2.268985658262423835e-02
3.259646046764363286e-02
4.585961017744741818e-03
1.564664462230788700e-02
1.530122862347409012e-02
2.730366361913968629e-02
1.855189528369837262e-02
2.309622430603298568e-02
9.664261932968942715e-04
3.605336247389895332e-02
1.951074128140658712e-02
1.558934286530667956e-02
2.964758361761670943e-02
1.700865300272621367e-02
3.089050909730506507e-03
2.339238457370836771e-02
2.662078226627969529e-02
1.365805585842128599e-02
3.354715760431348226e-02
2.378240023836351164e-02
1.815952191080797556e-02
2.109807669796408963e-02
7.129953160647568670e-03
1.346334449582081011e-02
2.492502611393456260e-02
2.225033417926840663e-03
3.621903608669722191e-02
5.178232822771202358e-03
1.266181803997919360e-02
6.919843286620950239e-03
5.842849284983753179e-04
2.346375362198172346e-02
3.626981721067483455e-02
7.784009847011974167e-03
3.794119910356240355e-02
4.596366409176541774e-03
1.353708155143222829e-03
2.473368584409204457e-02
1.934713402334633505e-03
1.447039947268078872e-02
2.999858944532488025e-02
3.199546611076872771e-02
1.016913894287385135e-02
3.347020257444838220e-02
6.524588688700641223e-03
3.062083925258826667e-02
3.385512192899853973e-02
1.272549961652253044e-02
8.167379243291850860e-03
3.529028766354045353e-03
2.530953184360779790e-02
2.331373973975486152e-02
4.266172232351284196e-04
2.315243843337324095e-02
2.132054260845777163e-02
2.819568775173210071e-02
2.177758202140557195e-02
1.136250445956100107e-02
1.901674031894997610e-03
3.369995531807075395e-02
1.378402373328842939e-02
2.835548760671586718e-02
3.591082791387695261e-02
1.505403746282333970e-02
2.122456918126146286e-02
3.530248223508841710e-02
3.539024785958986424e-02
2.471531056531399689e-03
2.765624499063063998e-02
7.731563820917268515e-03
2.341695522774542293e-02
3.670214932736565183e-02
2.895740032584736071e-02
3.804159105389218198e-02
3.908295999551322786e-02
2.381983158351129101e-02
3.306271781504168533e-02
3.435427201056970303e-02
1.891828303825975749e-02
2.340204452332162940e-02
3.281297676097152255e-02
2.593120522309100284e-02
3.109830577861495346e-02
2.674591118286781533e-02
5.399048846157157404e-03
2.237665899880791898e-02
2.147978098356947974e-02
3.852646451481284845e-02
3.024815736093850599e-02
1.908588170780017509e-02
1.733330938297027515e-02
7.549750889790467906e-03
3.364861349419386027e-02
3.426672563372137881e-02
3.783001612506068506e-02
2.181530339443455216e-02
3.913317897955671115e-02
1.404888444724662101e-02
3.835104060132708131e-02
1.186171508696268889e-02
6.786697691715217612e-03
1.653017384467110606e-02
6.586213479290976315e-03
2.393250112419179412e-02
3.434760950744685654e-02
2.035484589390976901e-02
1.573651987132069704e-02
1.277155629636851641e-02
1.419511377149194030e-02
3.784862125032126268e-02
3.585284121206580576e-02
8.608371981382921187e-03
3.019056590994057942e-03
1.903524867317052741e-02
1.865312065036763001e-02
6.254887001949649417e-03
1.620377699139858435e-02
1.358234565224229057e-02
2.941486604587939535e-02
1.761986968268047446e-02
1.611933819241861618e-02
3.272026519959508190e-02
1.830579093157310919e-02
2.759639674459790290e-02
3.709669478100470486e-02
2.768680356807857665e-02
1.092180464047639785e-02
2.719951952489856745e-02
1.178819124445561195e-02
1.125387047557570297e-02
2.324651041046489272e-02
1.683144958549300657e-02
2.236906886014796911e-02
1.483405608906729865e-02
1.051305948774346362e-02
2.866210396804478797e-02
2.428612051700091215e-02
3.580509591353097515e-02
7.916961959804114145e-04
7.417388415998082789e-03
2.011373263339470696e-02
3.056608927807736090e-02
7.845328422139148661e-03
2.206910692636313009e-02
5.151179515443696927e-03
1.062534859306459196e-02
1.659337324020274118e-02
2.782977423012559723e-02
2.807659596771475488e-02
3.817847805692402979e-02
1.009652854443570356e-03
6.427731054461378012e-03
2.966457125737711684e-02
-3.194199579421738884e-03
1.337123352314941935e-02
2.735620730349820617e-02
1.559520785318768352e-03
1.841400604098883051e-02
5.279590269656457557e-03
2.486061979537248709e-02
5.032198028025668124e-02
5.092885084300358134e-02
2.785394750777352851e-02
3.280018450928364609e-02
3.449399477741813685e-02
1.887423829232189043e-02
1.508888265823397391e-02
-7.724288867334614880e-03
1.664384443030545932e-02
3.455439556464473538e-02
1.277556351688646438e-02
3.223032782287932330e-02
2.354520164687276193e-02
2.364611541719531182e-02
3.690383482025220725e-03
3.181706138563684255e-02
2.402967535418635767e-02
2.840757887699533676e-02
2.185448371952233848e-02
2.551201653026542032e-02
2.443903873148886227e-02
1.453751626769086459e-02
2.156765101903416332e-02
3.850236677017519239e-03
2.371082710460064094e-02
1.421478005502302064e-02
2.695846445080295889e-02
2.237681945558842728e-02
1.561942303985125631e-02
2.511972693666414055e-02
2.176717981838794877e-02
2.186304911426588393e-02
3.976735463565728851e-02
3.124876397313503321e-02
1.433814993567363028e-02
1.276542388516347520e-02
1.373702469181949451e-02
3.875603034904625405e-02
2.055259391368730731e-02
1.661732303002221023e-02
2.845816893144971840e-02
5.609903841041834552e-03
1.803466941309007920e-02
3.800851267150342355e-02
7.835969941689540502e-03
3.175101047474763322e-02
2.113133801344543525e-02
3.598045482879638768e-02
6.999271121973200255e-03
1.505281847952962687e-02
3.658095181447354460e-02
2.553796981473373251e-02
2.940777038659818376e-02
1.584258761546957286e-02
2.343464154420119711e-02
1.186427818525524758e-02
2.806966868289563835e-02
9.035085801561537622e-03
2.997064271280076853e-02
2.241200997665855274e-02
7.780968057910433479e-03
9.321912110230612739e-03
3.146131325567655401e-02
1.636628557206472323e-02
2.597659290752814178e-03
2.263418292046974478e-02
3.594090884897193500e-02
3.982222862011939452e-02
3.538584909538933232e-02
2.507942821718825779e-02
1.548389633806024866e-02
3.613675242620393441e-02
1.791076689662209065e-02
1.364021302147900606e-02
2.314904026016947891e-02
1.568817659795789660e-02
2.874749865844867039e-02
1.429075075970103262e-02
1.459173616583063146e-02
1.357497343614985294e-02
6.635747836882388909e-03
3.650821020233638303e-02
2.124654051719909731e-02
3.920564135434730785e-02
3.010877821489917061e-02
3.902694397779257751e-02
2.439399057900022011e-02
2.849403633396586921e-02
2.511005204046206848e-02
2.800150110687167626e-02
3.390465436307155828e-02
1.453030504761291045e-02
3.047673727954524833e-02
1.870919476662198308e-02
3.573396506861187261e-02
3.600131908822749166e-02
4.555935486063748818e-03
1.302879832948675674e-02
2.105011306754244957e-02
7.564219000986702537e-03
1.010562859285589130e-02
3.215183161774617503e-03
2.897701317921126327e-02
5.696004422913824791e-03
3.780934776672598835e-02
3.790511678192318157e-02
5.419507869292608006e-03
1.562559746361505755e-02
2.489391025067512128e-02
2.558490616584945324e-02
1.390075130576708985e-02
1.755912520717296810e-02
1.855705513394802567e-02
2.553975321798218710e-03
1.500085382213692080e-02
4.374010533933687418e-03
4.480754613877926777e-03
4.562338837044985392e-03
1.424590021787044795e-02
3.559207842691301110e-02
1.891716422465615846e-02
3.589455349958467489e-02
2.137545039875649727e-02
1.909936099851606076e-02
3.631814430756531709e-02
9.229692109040375098e-03
1.356424529531036031e-02
2.832806650887886510e-02
1.832631279100222638e-02
2.322485268954314896e-02
1.090203839633595295e-02
2.767451882190144485e-02
1.710591703950482823e-02
3.954815568105039120e-02
3.073670986773588756e-03
3.866355889748980534e-02
3.646447011269984828e-02
3.264908748639336333e-02
3.512156486821667312e-02
3.982006768682276598e-02
2.060564487413232837e-02
1.496882640321274029e-02
2.383908408347400545e-02
2.914633563401950594e-02
3.919314889620308801e-02
2.034037518165763420e-02
2.346872106580506420e-02
1.265561667090481929e-02
3.376051982421816866e-02
2.568915048967952350e-02
2.759376799033906938e-02
1.470339052365357037e-02
1.467265046384285017e-03
3.297185432973989694e-02
3.263832938211911477e-02
1.295544112297543696e-02
3.265770737556383113e-02
2.131836369389708552e-02
1.156407810446332882e-02
1.113911499549025174e-03
2.940200329595085010e-02
2.475397944796472322e-02
1.448916179999608193e-02
2.479836824209382534e-02
2.658536717261226340e-02
3.227493442285164077e-02
2.309717106160746533e-02
3.370892890577256717e-02
3.536441084611353231e-02
2.067309288001237689e-03
2.212263690269956895e-02
3.897143853373753047e-02
2.641782986109268011e-02
3.750758331870942403e-02
1.174792053079821985e-02
3.812086373580507795e-03
1.450609003472307437e-02
1.178652824728922133e-02
2.827227852842051012e-02
2.549367482578198882e-02
2.709549540870460904e-02
1.950666753886999907e-02
2.214422721050281553e-02
3.777539961463990265e-02
3.552778869717181098e-02
2.147199933249186593e-02
2.890592922542849566e-02
3.793754518390669156e-02
3.008220099046670509e-02
1.733560014580770581e-02
3.910280669338236925e-02
3.854519862485338705e-02
2.935500525895440543e-04
1.630675577431500017e-02
3.496206989597600706e-02
6.038230271707689667e-03
1.171027033792113687e-03
1.446232937505227863e-02
3.217278107937216608e-02
3.746330254764675127e-02
2.494772779714225439e-02
2.812346541996946225e-02
1.736811242202041027e-05
2.704258446771723792e-02
1.992516955703368259e-02
5.861395650575098280e-03
5.446628132315676010e-03
1.035573877223230389e-02
1.243536060445769864e-02
3.806276336493752497e-03
3.227524004349715397e-02
1.406076186565121712e-02
3.747511182663808976e-02
6.337766583817327701e-03
6.046385792348046156e-03
2.159376039644838458e-02
5.517264751140098927e-03
9.923685620715541264e-03
4.237401146160100530e-03
6.932205192392526701e-03
1.159281756761357599e-02
2.508811930094596507e-03
1.205468880275782292e-02
3.700466275678163108e-02
1.344412535018109150e-03
1.789451827166624320e-02
1.172164617774877973e-02
3.266006595175552189e-03
1.710524371675677113e-02
2.596712305920415714e-02
1.641527678617666491e-02
2.795189655687727384e-02
