6.579988248051762446e-03
3.518627161409130372e-02
3.446744131409828354e-02
2.238802227622114713e-02
3.338758361114505663e-02
3.216072980925788888e-02
8.280643439385215352e-04
2.006855816831071629e-02
2.071959887593139565e-02
8.542827282242995701e-03
1.923382126773103343e-02
3.823034246547894061e-02
2.285323898016782332e-02
1.812327788526696751e-02
2.108138541647903291e-02
1.509269534465190570e-02
2.119547734668974365e-02
3.112253210756088170e-02
1.869886774517741726e-02
3.290353431102761156e-02
1.904830140603240227e-02
1.752961463783513432e-02
1.916324530200652545e-03
3.596034317173165545e-02
1.325384488196672955e-02
3.643014539505678995e-02
2.852119580169750618e-02
3.973552376787289897e-02
1.582829475372981090e-02
2.802826126066591123e-02
1.021034384357975486e-02
3.192618684277261781e-02
6.564010887492827823e-03
2.175049602309573823e-02
1.328878912318663327e-02
2.470674442615888519e-02
1.192368177937752714e-03
2.740128682615321568e-02
4.978534613993676819e-03
2.019696513412830990e-02
3.949656379852822807e-02
3.205228137042005071e-02
8.158699648214189082e-03
1.500309038823475181e-02
3.121197954976633049e-02
3.133409717659566690e-02
3.711945968067567603e-02
1.552798088068523333e-02
2.084339531581887867e-02
1.298853096255047669e-02
3.653871203657535482e-02
1.083222825618724607e-02
3.585169759165862668e-02
2.236589860561628666e-03
2.032938283365008994e-02
1.774173601091669911e-02
7.619687623033399382e-04
2.860499162665121331e-02
8.378397448606703102e-03
2.197483469795161182e-02
2.926904741374120739e-02
1.700390371151721050e-02
1.956575224368430413e-02
2.426463254648663498e-02
3.221793798244885262e-03
5.478735044560041623e-03
2.610485356105780863e-02
2.357603273736910698e-02
8.943188312818697513e-03
1.157728584532662780e-02
3.093641341338497844e-02
2.247233661412876421e-02
2.671498722247226190e-02
3.994840605716386273e-02
2.656412956461748007e-02
3.710225903445218271e-02
2.499913143818396216e-02
3.799268785285120353e-02
3.487611176139741951e-03
3.058839814295246165e-02
3.594972955490125487e-03
2.445828877611981589e-02
1.297996650163134313e-02
4.914156720820495559e-04
3.144685352212585328e-02
1.082081687007853746e-02
1.315072787933505710e-02
2.889825976678141520e-02
2.856017480869436909e-02
8.656426120962481402e-03
1.295641416705932761e-02
6.093583560323767925e-03
2.530635280174494892e-02
2.963408043462635588e-02
3.260742281788764265e-03
9.263245872082758901e-04
3.194291712981339737e-02
2.352541116064839257e-03
3.921856181972498134e-02
2.339459751391955930e-02
1.834035079046292260e-02
5.677829678187027058e-03
3.433786667538216847e-02
2.013493220112410470e-02
1.119464558740582844e-02
5.829143427949609949e-03
2.363799706914623128e-02
3.294445428371300943e-02
1.229251597423987319e-02
1.848670786630226409e-02
1.753679248837431912e-02
7.770247041051950125e-03
8.033277372351408513e-03
3.353268353090312764e-02
8.413970348210111569e-03
3.170635959466551468e-02
2.225626942016240700e-02
1.837669011042605827e-02
2.555776264093865754e-02
2.874530825456386024e-02
2.818803507108834719e-02
2.958596788212271983e-02
6.238248604022667227e-04
2.116237777913010463e-03
2.496052836627807650e-02
1.060630811650709569e-02
2.092201261831551015e-02
2.728002686388145137e-02
2.119378350081191006e-02
1.652663290507972024e-04
2.501823314398973069e-02
1.956912226850974351e-02
1.109240762369075733e-02
1.185772472737940458e-03
2.205035984254880010e-02
1.531565301870009554e-02
2.068591333341282534e-02
7.411521267849882806e-03
1.556667922900355737e-02
1.726639074224698561e-02
7.015286296554084158e-03
1.643640581880032731e-02
7.173531337781114195e-03
1.694456472128571482e-03
3.133695791166210554e-02
1.402528767975334129e-02
1.699917672907220838e-03
3.820762723503522834e-02
3.581517349166515873e-02
3.788361625166074970e-02
7.962583154103662630e-03
3.064860397347008922e-02
2.975207088780931070e-02
1.546047916651382883e-03
2.060928147078764511e-02
3.251749615485645395e-02
7.356186336657222734e-04
3.551566721108196517e-02
1.948339300427402374e-02
2.175107128571799123e-02
2.290427550134463072e-02
7.359217859916901937e-03
3.315483846141275420e-02
6.698545553791652486e-03
3.721512096133330894e-02
2.446991698905855855e-02
3.413101570272773777e-02
2.760431304236050237e-02
1.501682991400531131e-02
3.681446351546031545e-03
1.301096173214830350e-02
3.769829802666992136e-02
1.357406511625364361e-02
3.970742398197870532e-02
9.273775268708787586e-03
3.007201372189576179e-03
2.260552507422704249e-02
3.201655455165203223e-02
2.482607836174750837e-02
1.126191000989354256e-02
1.195635904944956571e-02
2.643902644313044295e-02
3.103126359156979652e-02
3.914085793192422641e-02
3.553479387451540655e-02
9.481979635317952515e-03
7.808137484450945222e-03
8.423337107797057230e-03
1.803383064979042702e-02
8.464800021876826494e-03
2.277554443875776102e-02
2.598114479888688488e-02
7.194772633235744543e-03
2.711957270184077451e-02
1.711439123234067411e-02
2.753861339699605060e-02
1.937261525366014425e-02
1.968706561700392984e-03
2.633570678732002207e-02
3.313703516263573345e-02
3.250404513347884133e-02
1.629656326368032759e-02
3.865760759376325045e-02
1.705490864646089580e-02
3.132846982429696170e-02
2.657252910646345709e-02
3.399264884124848091e-02
3.437321871128040662e-02
3.400346634687582970e-02
5.234669684967250408e-03
1.213088380372138271e-03
1.827557261959651333e-02
7.600654059239144930e-03
3.301231426694860999e-02
1.619044079408290399e-02
3.418117813619501229e-03
2.848881931184393118e-02
3.077317250904833615e-02
3.288763886149021626e-02
3.396641760695624790e-02
2.272573594564621883e-03
2.070354895180525831e-02
8.236815343757010466e-03
3.567874276916357251e-02
3.360939868790073504e-02
2.568075460731658599e-02
1.179079265719672198e-02
1.278428636202058079e-02
6.475676166873433996e-03
3.881979694520767271e-02
1.071378763754137799e-02
3.840577168488863713e-02
1.927966062897054633e-02
2.570886177878456760e-02
1.384437257140520502e-02
1.474830917111539900e-02
1.572475151614462999e-03
3.010406767322248989e-02
3.307687731967855899e-02
1.961032558389000369e-02
3.092860025641946259e-02
3.901523976155325812e-02
7.579981124194872660e-03
1.689934473143916982e-02
1.148285848066987747e-02
2.528039827834669892e-02
1.135735793160823695e-02
2.029429326806908920e-02
7.555877937559097104e-03
5.180898983678561970e-03
9.247246602771624913e-03
3.410437813290445597e-02
1.259357203688345542e-02
1.869570675490287229e-02
1.247103825623117196e-02
2.740523365869030128e-02
2.154958837474018826e-02
2.625720252617062822e-02
3.032613162177864863e-02
7.376108883075419356e-03
2.186407182401793950e-02
1.761568494391973355e-02
4.330630422829102877e-02
2.429605416090335410e-02
3.575956424539723788e-02
4.687163341812033979e-02
2.075754328317428940e-02
-1.209241198411951067e-02
-2.260142300564657591e-02
-5.369253300898670089e-02
-2.031723408899533539e-02
-1.529669655235350346e-02
1.098322237064344210e-02
4.953034749764809175e-02
3.523962748562937952e-02
3.536250615745225451e-02
2.252720997067324260e-02
3.927447217513359984e-02
2.499372510419626409e-02
6.189211531285851269e-03
8.008735592312311510e-03
4.711741456669522703e-03
3.622660654024731364e-02
2.311310647203212044e-03
3.792711247658343138e-02
1.528703999488020132e-02
5.947997964500829904e-03
7.925525700194035669e-03
9.264464697645394611e-03
3.333819544533735829e-02
7.458751048688519805e-03
2.893167027619224490e-03
2.224322372386701441e-02
3.362499282707034909e-02
1.972402502803546551e-02
1.086350338401042247e-03
1.493003420468038030e-02
1.968065255597624408e-02
1.369406602453332282e-02
2.302690604936449836e-02
1.047020559990618181e-02
2.299835468398659169e-02
2.798371892486339538e-02
2.663066390228006897e-02
3.693193196903367392e-02
1.653915077559661023e-02
2.925109081053323080e-04
1.918029957384721545e-03
3.346811577464392506e-02
4.286069686806710452e-03
3.043757358583030256e-03
2.571679056106150607e-02
7.430183094290057459e-03
3.698332447087670366e-02
1.097720401843980086e-02
2.611721627367106363e-02
3.967676377792496434e-02
3.553664093675765884e-02
3.174327491656542266e-02
1.935233297761424290e-02
3.957879290967989371e-03
3.833457003495064491e-02
2.957306800415535758e-02
1.855987829432977770e-02
6.412009148722815077e-03
2.704412768838348785e-04
2.540786008082205824e-02
1.243103365238273049e-02
2.118102988345581250e-02
1.893018157548433111e-02
5.396928838476577504e-04
2.108467032274070896e-02
1.317857074321824272e-03
3.601433162862463511e-02
2.156254584410679381e-03
1.867353409916477219e-02
8.048553067325343174e-03
3.999944331301117512e-02
2.362839383834083179e-02
6.403444478922275425e-03
2.388504507632662616e-02
6.250294831705987056e-03
1.484967399345642897e-02
2.431271446406760295e-02
3.240719146875816609e-02
1.902704260285106256e-03
2.667207400742627535e-02
1.801781064573215740e-02
2.728312964034602592e-02
7.510258739478165892e-03
3.216117985688644876e-02
1.708005371140311826e-02
3.246611020793099822e-02
3.521844503277675453e-02
3.858814583355591604e-02
7.745472827159658250e-03
2.702200537767468838e-02
3.347536434193969321e-03
2.008744372395731965e-05
2.579278815430401800e-02
1.163716778822554421e-02
6.061575788608446376e-03
8.716091219491857445e-03
3.560508039284285275e-02
1.159310233708028609e-03
3.271169040181146070e-02
3.702098302179730478e-03
3.168899685178229453e-02
3.444839410586281181e-02
3.049429996012929019e-03
2.571466952799144473e-02
3.364414712952982361e-02
6.464997482922343712e-03
1.821017288227269951e-02
1.131046751779001686e-02
3.806809226221492468e-03
2.417574792424646152e-02
3.042537132170742772e-02
2.707654661978537922e-02
1.810618829130631116e-02
2.701831041415214815e-04
3.081788755528447679e-02
3.327711814020252457e-02
1.203095903158496634e-02
1.402866178709107937e-02
2.150564976743714329e-02
2.616330743710748932e-02
2.706573713550705293e-02
1.926868723022633414e-02
3.548608357769241634e-02
8.685022019763092779e-03
9.764288404501378013e-03
2.733278397840690349e-02
3.013062180925872233e-02
2.355097521611241446e-02
5.405847029110906476e-03
1.834585727346569380e-03
3.957042942265775846e-03
3.573668462271261531e-02
1.126712188195462191e-02
3.278182186506992113e-02
8.035326677230458098e-03
4.118587022221622922e-03
1.556191056972221209e-02
1.512830106896409683e-02
3.741427903061845389e-02
1.075082107198201131e-02
2.045414094542187533e-02
2.511678567626422776e-02
1.060176938509381495e-02
8.123204128946267047e-03
3.438382951399818199e-02
1.243481539543884323e-02
2.875635546858790106e-03
1.341904197110980849e-02
3.829185818964780247e-02
1.363521207091432028e-02
3.491248415187392373e-02
1.036287097362673278e-02
2.976663230347434755e-02
1.471807487016107453e-02
2.644477225200579651e-02
2.672537233709011348e-03
6.219839422837099112e-03
1.618802779545245804e-02
3.234419150463745118e-02
1.933041113035068037e-02
2.291045803125319608e-02
2.634588057896961044e-02
3.988114409238875668e-02
7.307937501397355194e-05
1.677568721838800306e-02
3.860999127102149320e-02
3.382322439209487636e-02
3.766124839900238802e-02
3.372231733740010950e-02
3.295292197915313664e-02
3.376611801686232872e-02
1.444462681359230845e-03
3.743272738923329734e-02
7.146186939620791448e-03
7.689096031942224338e-03
3.854287361996027589e-02
1.548457345191921186e-02
3.845407479898979575e-02
1.735683816883250297e-02
3.250719249608368527e-02
3.545062787033852192e-02
4.682984317788387897e-03
4.332930089952173776e-03
3.300458682855287457e-02
1.656359499138247357e-02
1.290574363980366568e-02
2.732488607870962871e-02
4.507375386005474534e-04
1.982261167161787629e-02
3.608104159887126541e-03
1.954318117485932815e-02
2.696003151515231552e-03
3.205903795745229656e-02
8.412950849046448368e-03
1.963958248840304982e-02
6.938798790442493071e-03
1.033470446157755060e-02
1.059791278118499443e-02
3.667445598225857820e-03
3.371616303639888429e-02
9.137804956222543226e-03
1.771583944045996770e-02
2.083482313505631567e-02
3.650677556033696258e-02
5.711218985530353183e-04
5.971985532714629971e-04
3.363044111795768926e-02
2.973549055880683398e-02
6.921886745807745780e-03
4.223116517461722626e-03
1.618684739150565155e-02
1.590671275215055011e-02
3.573051222446161496e-02
5.168906033741458433e-03
3.210341954644879009e-02
2.572143728941051616e-02
1.736970032257515589e-02
4.460629213114341955e-03
2.613462628423657286e-03
1.359589738909783817e-02
3.745189923682270411e-02
1.747737297886804708e-02
1.116250023601903993e-02
2.196103616135420405e-02
2.516695895788930923e-02
2.930927343789109518e-02
3.745427081175264211e-02
3.055595009206032997e-02
2.619344084207654924e-02
3.320418892778616987e-02
2.378877205962992222e-02
2.746655100181486647e-02
3.214283191300479348e-02
1.407141756843915958e-02
2.059823022912045734e-02
2.648103697047351351e-02
3.197630043404410538e-02
1.373961124505315495e-03
2.707970660493200926e-02
3.002984763856266642e-02
2.800560018066841975e-02
2.045894399317741558e-02
3.136159163367464864e-02
1.175072145532588853e-02
-7.775639017354799010e-03
-5.987538555587582773e-02
-8.190476396773802015e-02
-8.589298520096304290e-02
-9.439175496761900708e-02
-1.743145917670264888e-02
1.138823458471530103e-01
2.308031671738363100e-01
2.793284345387953005e-01
2.176760816585686098e-01
1.244009040805063859e-01
-1.349690675091607187e-02
-8.771407523895775882e-02
-8.378139500805709128e-02
-7.500974886578706813e-02
-3.212442616100902315e-02
-2.194824150260970413e-02
-5.997175737416510222e-03
3.171143067123592674e-02
6.620025908651587000e-03
3.004467007184451546e-02
3.232488724949730136e-02
1.430979681311379988e-02
2.351085752210459005e-03
1.679528051686101156e-02
2.097875307319019278e-02
1.651500305481240494e-02
7.833073307323057052e-04
3.261672026530350321e-02
1.242460957962398041e-02
1.514727762073803455e-02
2.525608667996155285e-02
1.428595547292004636e-02
7.314606442307389038e-03
3.575213262526556746e-02
1.034606716695220252e-02
2.083655765730623582e-02
5.197467236300972598e-03
2.000314713805318931e-02
1.586874265386217439e-02
6.592136870364016278e-03
2.619728702762823182e-03
5.005009313125296892e-03
1.562749275429504286e-02
3.109089265858895872e-03
9.728890979682949802e-03
4.037726205719975939e-03
2.939402863826929418e-02
8.594426210979104475e-03
1.515742554813653310e-02
5.954424384585876862e-02
6.137463434921396760e-02
1.252132876659398653e-01
1.265848367746498504e-01
1.188037031284251144e-01
4.754449916948989135e-02
-6.482615493309530630e-02
-1.976535639837559699e-01
-2.027241802350144839e-01
-1.818671021220424899e-01
-8.348710695680378047e-02
3.702081518195869669e-02
1.264942176936210694e-01
1.412187746818604206e-01
9.441572857860994206e-02
7.630254627056984318e-02
4.468878652341004565e-02
3.320312239775904950e-02
4.053416081252191050e-02
1.625958906910209695e-02
1.082503496740020929e-02
1.029871555398778789e-02
7.897833125114968669e-03
7.465392907398023421e-03
3.973761071883625401e-02
1.382360042604243930e-02
2.428409001748688123e-02
3.553483047426756608e-02
2.203110343772287857e-02
3.320289324040491628e-03
3.532812218398366511e-02
3.593410113811941475e-02
1.103931897317985376e-02
3.769596138006558322e-02
2.236377115717035416e-02
2.482529878694634054e-02
3.739435943877566365e-02
1.289378010786080241e-02
1.742655318811608608e-02
2.861034377294775430e-02
2.319425329405661387e-02
1.303728235711984138e-02
3.113624260832234536e-02
2.911089575078430747e-02
1.536452321210841215e-02
3.038416657281065719e-02
3.554879181834186275e-02
1.546778904042731169e-02
1.775144066379346491e-02
2.000191641168145174e-03
3.179485227776245732e-02
2.846373385533257708e-02
2.668267692652431106e-02
2.334845574891142284e-04
2.056897555961062843e-02
5.381821140701337691e-04
3.444206524968650152e-02
3.000891861320757054e-02
3.789183303375431161e-02
3.476971161146278494e-02
3.251826059157631593e-02
1.366944229866825372e-02
2.279102724517176326e-02
3.071952314679747900e-02
2.461896275051322913e-02
3.576279487220094394e-02
1.110173961315601490e-02
2.837071186871407275e-03
1.616092371920344398e-02
5.605579616207645097e-04
1.257482774564027544e-02
1.331957135198457397e-02
3.272684514175958070e-02
2.855159040826531561e-02
2.410914261622281243e-02
3.225862754330355991e-02
1.340711618853695955e-04
2.306890101326313294e-02
2.312830520094427342e-02
1.977857208308638967e-02
3.060423366862876152e-02
1.874808451380260629e-02
8.084895013032923627e-03
4.890973656140618249e-03
3.429922545168134773e-02
1.766375804905349553e-02
1.749268093026415394e-02
7.054116170982012435e-03
2.543795898316062593e-02
3.835191582078206762e-02
9.365466684311698695e-03
2.936633850332202172e-02
3.444699473205722895e-02
3.582889015466589333e-02
3.693545965142541743e-02
2.123904126917372168e-02
3.483311028450902791e-02
9.814561898138585497e-03
2.574150551559521716e-02
6.933757314995867525e-03
2.131958492057296414e-02
3.992588927323990899e-02
1.457179820830113194e-02
1.264272044498951711e-02
5.034206964629892728e-03
6.273430097980754565e-03
2.105810045036844366e-02
1.266753127803138708e-02
2.377235031158158457e-02
2.726227204080818034e-02
2.549960755391270095e-02
3.991764646981566661e-02
3.383134099533659234e-02
2.512128986917069873e-02
3.100792741126513416e-02
7.123894963180772526e-03
2.044177669765344027e-02
3.535786620331929017e-03
1.197957845575531484e-02
1.859603303966171975e-02
3.968924690171277136e-02
3.737326032222870742e-02
1.482270547185357730e-02
2.144539070127361377e-02
1.965812608029540026e-02
5.565333882772463200e-03
1.532300815927854429e-02
2.079901540298344231e-02
6.634529891101003871e-03
1.520405348140418424e-02
2.583864667020314802e-03
7.136058666065024127e-03
1.787332554335725396e-02
8.284572266362078474e-04
2.294029087629700914e-04
3.836677192314511681e-02
2.169252631950498861e-02
1.639247035184361601e-02
1.272895093954482144e-02
5.395438997387862201e-03
1.292452343846845625e-02
2.790433308958607805e-02
1.228619411420634085e-02
2.455440245251046955e-02
6.501516605540569663e-03
2.084813148773533367e-02
3.816325101603848524e-02
3.354102383170558255e-02
1.179741773507153764e-02
2.058795888240429542e-02
2.539298610369871215e-02
3.613365969194582555e-02
3.515690563897319598e-02
2.810041153476072664e-03
7.255010281609730431e-03
1.652328026587801882e-02
3.457088441117482647e-02
3.720878675929158164e-02
2.388032433306152766e-02
2.523545149528112416e-02
2.326165879213528201e-02
3.974406174939769387e-02
6.415509757940891268e-03
5.778671210587624577e-03
2.965326784991449693e-02
2.504793561387805984e-02
1.584081670795201057e-03
1.733555915138219883e-02
2.621491259787553981e-03
3.217051111975086086e-02
4.874523769131298111e-03
1.558548377462198355e-02
1.549622842023079018e-02
2.974885020208842268e-02
2.504277509168177651e-02
7.974935074215191988e-03
3.854868889699594042e-02
1.373518922968042276e-04
9.746770749892901334e-03
1.561338115701884710e-03
6.462749318880955766e-03
1.535886960852662908e-02
1.709406086543583878e-02
2.568830172106371934e-02
2.750881140577798520e-02
1.120111553001531396e-02
2.171939817765644598e-03
4.287356112051274488e-03
1.353952838502730377e-02
7.188682020682939794e-03
3.394838197612721348e-02
2.845749098512826911e-02
1.480503644229436318e-02
2.403952397018159146e-02
1.469060894635889833e-02
3.587255502110320033e-03
1.649312965612155513e-02
1.424394878914013278e-02
1.870666940230186065e-02
-1.094940160261672485e-02
-4.515005877786907457e-02
-6.860143414846753274e-02
-1.223060993092855014e-01
-1.578004253917401900e-01
-1.468240881743395898e-01
-9.315724856405017268e-03
1.845246629513372094e-01
3.611024437608324478e-01
4.312605491732704466e-01
3.647511362218115449e-01
1.792156179001000160e-01
-1.124935951189036387e-02
-1.388690588387614666e-01
-1.522531397886914550e-01
-1.516589207237545867e-01
-7.243191696635523091e-02
-5.217083219494490082e-02
1.358149221425642220e-02
1.623377013270016489e-02
1.687510145682370732e-02
3.893894358863077970e-02
1.373222114208908114e-02
2.807440370797399665e-02
9.999882648531238996e-03
1.304965469276654286e-02
2.595835050866463975e-02
6.232630194398244318e-03
3.459732087517469051e-02
2.823316729900359617e-02
5.882215759181515062e-03
2.497479641445332632e-02
2.693317381346281222e-02
2.412565257772734950e-02
7.935228353049701353e-03
1.468907675844717195e-02
2.593017756336893700e-02
2.675873288435703934e-02
3.492241394810928490e-02
2.158365475895750521e-02
1.482701007140513512e-02
3.701962469859688271e-02
2.155578205210345946e-02
2.660334494579421564e-03
2.253474486328174015e-02
4.982830592106908367e-03
3.622889215688202685e-02
1.198086643416357462e-02
1.924178571417098013e-02
9.556193418994029729e-03
2.528870090943759197e-02
1.734503643016602203e-02
3.906256256610247252e-02
2.876100134594752195e-02
2.742093456789275116e-02
3.914806409869524273e-02
2.073912640223245230e-02
1.708508766093567999e-02
3.842673457659775277e-02
7.699434318206423676e-03
9.686723945111412257e-03
3.183904611627729614e-02
3.984765925883694548e-02
2.112301045766424960e-03
3.122810470133477456e-02
1.629370470896613146e-02
2.065337693268403524e-02
1.153251677354289080e-02
6.005015835084508320e-03
1.503183462584883716e-02
7.585748794756814843e-03
7.247743599009286684e-03
2.123459692992359094e-02
2.363054098815177764e-02
1.782530077097550097e-02
3.411141236543582811e-02
2.020905735827652899e-02
1.729803609234835393e-02
3.776136558128256882e-02
1.475067524722141823e-02
1.528360943427591739e-02
3.759380985615685955e-02
1.863993809403681132e-02
3.347206205762987691e-02
3.748185460396845359e-02
2.879547798539058845e-02
3.563900263191173423e-02
3.388768455131398877e-02
1.352084221511058899e-02
2.274824395125363274e-02
3.733299497597388633e-02
2.499155473505512703e-02
5.146085727285623114e-03
3.130692800792145986e-02
2.051554455881086057e-03
1.521313333808248756e-02
1.253867414027467000e-02
4.285159232961510516e-03
1.786254702884087706e-02
2.409141829647218000e-02
1.760753294540537417e-02
6.396593089468627716e-04
5.458503887575311825e-03
1.529691077957655992e-02
2.090477261382672411e-02
2.536728221957455093e-02
3.554554044024337695e-02
1.747578697337117543e-02
3.325004694796875743e-02
7.229233719135583387e-03
1.284336825017877784e-02
5.804256778892393984e-03
1.024090224025518345e-02
1.619058393450540853e-02
2.254521496103572067e-02
3.071582727402879034e-02
9.678872963077145416e-04
3.612467438947822296e-02
4.043603731744825104e-03
1.147817372630406847e-02
2.237152772676808885e-02
2.910212330991580887e-02
1.960302469730867893e-04
2.211473147751120624e-02
2.322056069010051960e-02
1.652001314246070302e-02
3.544422858030123885e-02
3.304358016867158659e-02
1.195657938568151467e-02
1.584579093404284850e-02
3.436624754432796025e-02
3.167793302576384865e-03
1.602166299125609185e-03
2.669030842672805506e-02
2.244662752706112069e-02
8.616754638955219370e-03
2.702693424836854694e-02
6.865278428081085169e-03
3.378586096377503289e-02
2.051594911327909738e-03
2.070231556162441255e-02
1.340192062199927966e-02
3.388080468105739845e-02
3.071623778854764078e-02
6.146421759286013406e-03
1.484962514979183169e-02
2.296864968776814175e-02
2.034797315453390834e-02
1.084270334591499498e-02
1.872078395542191992e-02
1.964881668279199953e-02
3.740169333529692799e-03
1.410417809643727850e-02
7.599139805022434545e-03
4.692523693831449419e-03
6.819392770245258709e-03
1.499392482402510732e-02
8.609759959495191448e-03
1.878392079143008722e-02
2.344790326709464412e-02
2.267544407675872037e-02
5.001435303760653171e-03
1.397253763742275362e-02
2.415469744924262155e-02
9.995183172363036536e-03
3.433298355227394627e-02
3.222137634678599177e-02
7.346644540522207119e-03
3.165610538984730410e-02
1.781007893170073395e-02
2.519161343940498621e-02
9.673212864052151486e-03
2.282162624402450310e-02
1.305633657649062952e-02
5.985297098683073531e-03
1.308583509880445993e-02
2.006199925458444777e-02
6.406229225799848701e-03
2.144855464448550478e-02
2.552029123783564057e-02
9.086404597226760416e-03
3.255645848963372585e-02
2.473832704173137970e-02
3.105849854354788761e-02
4.335090992512862472e-03
3.324683960530787352e-02
1.507484148476556651e-02
2.850633134009686320e-02
3.104918288239306903e-03
5.720829641393115027e-03
2.595187555500511403e-02
1.496519625777220815e-02
1.502691966154477352e-02
9.875420869504641236e-03
3.674544944032568511e-02
1.262483839479510740e-02
3.699877426736829927e-02
9.808797863952105345e-03
3.888791497606323977e-02
1.078684162103856620e-02
3.361015575251189574e-02
4.025926770435681382e-03
2.001197749355088096e-02
2.737214423377572117e-03
2.588653399383232523e-02
2.848363680091375166e-02
8.331592509472952185e-03
1.772413645621197936e-02
3.929315357029062455e-02
2.772669235367355295e-02
6.733949336565885763e-03
1.509031230032764626e-03
2.595343298546385138e-02
2.537331772974875735e-02
4.581245013279144560e-03
1.771649751139791132e-02
3.806027691341182240e-02
3.239684823273802222e-02
1.250714776009422859e-02
2.825712663949036044e-02
3.924555334547615015e-02
6.010518786026200141e-03
2.981486141010959365e-02
2.752253650709274649e-02
3.466712223129655643e-03
2.050213235105687731e-02
3.233931566851475092e-02
4.501516740095432532e-03
7.753261160732609521e-03
3.074124687680966639e-02
4.923752584112936828e-03
9.826481902045731270e-03
2.139373341546578142e-02
2.642321308338373143e-02
1.350837240953365465e-02
3.651716686566926218e-02
7.326884176155128332e-03
3.424813280696836076e-02
3.150714458904257248e-02
1.975962052909706682e-02
