1.53675423364355e-30
-1.6578973712472e-29
-2.38599939969455e-29
1.85261821734792e-29
8.89578916295511e-29
5.27065396020566e-29
-1.88161622229683e-28
-3.70010864621891e-28
9.33482355122452e-29
1.15097492744018e-27
1.09367880048415e-27
-1.94932383023572e-27
-5.37398279802396e-27
-8.48513503760495e-28
1.41190694595006e-26
1.90249892660943e-26
-1.73031154511747e-26
-7.39140296589854e-26
-3.84198803410273e-26
1.62673115003356e-25
2.99781861170248e-25
-1.04397248225318e-25
-9.66415548400668e-25
-8.4511043485257e-25
1.72300336512818e-24
4.40797566694953e-24
3.46898205760189e-25
-1.19924425525953e-23
-1.51077623412571e-23
1.59361830431531e-23
6.1282678354756e-23
2.7380857149242e-23
-1.4014487585776e-22
-2.42178000739895e-22
1.08897174012418e-22
8.09657752550436e-22
6.47728110452651e-22
-1.51458082823006e-21
-3.60706444439561e-21
1.05227804866723e-23
1.0160376594056e-20
1.1943332900465e-20
-1.45107399631162e-20
-5.0699479787592e-20
-1.89150518255449e-20
1.20377629990887e-19
1.95263247272896e-19
-1.07329967351811e-19
-6.68001180798197e-19
-4.3582580002134e-19
1.66036924469018e-18
4.5810867053575e-18
5.27041849600918e-18
2.65627216153233e-18
-2.55801520227749e-19
-4.51491463449752e-19
1.37994746901162e-18
2.36961230666178e-18
1.27805983310252e-19
-5.35024886974606e-18
-1.06380729002046e-17
-1.26785496275412e-17
-1.37794376873431e-17
-1.67957948044096e-17
-2.02750802425689e-17
-3.02875059874823e-17
-6.25104491722161e-17
-1.14967226065455e-16
-1.61871834338339e-16
-1.91954500627651e-16
-2.33791257837554e-16
-3.49572006109287e-16
-6.58642549510458e-16
-1.43645892893045e-15
-3.27424736222591e-15
-7.26063513375704e-15
-1.51391723322066e-14
-2.93124526658684e-14
-5.23614930982106e-14
-8.56258084726801e-14
-1.26717402846796e-13
-1.66725872474335e-13
-1.88937976592154e-13
-1.71431133720069e-13
-9.49744094675721e-14
4.5247612351796e-14
2.29430325649274e-13
4.11802915985943e-13
5.32860431126658e-13
5.42659450361582e-13
4.247601077291e-13
2.07555598142478e-13
-4.48492493685705e-14
-2.58784394737907e-13
-3.80785734974826e-13
-3.95783612047035e-13
-3.26020650363509e-13
-2.14357191393767e-13
-1.03128599139145e-13
-1.94025263249627e-14
2.87165412705525e-14
4.69795440071787e-14
4.67497710736429e-14
3.84900614256323e-14
2.88860867734067e-14
2.09461252867211e-14
1.54122100146223e-14
1.21051181028336e-14
1.0637481055785e-14
1.05894221004237e-14
1.14480831159779e-14
1.25232161066972e-14
1.29459524629799e-14
1.18109359369557e-14
8.46857865544103e-15
2.86166777801371e-15
-4.32980796263296e-15
-1.19406107519497e-14
-1.88691378196154e-14
-2.44794334407e-14
-2.84057225305575e-14
-2.96691856738023e-14
-2.54413274437338e-14
-1.00042460006813e-14
2.56027346540308e-14
9.27996964212099e-14
2.02521037591906e-13
3.57988432734407e-13
5.41327562202792e-13
6.96564930301874e-13
7.20494193820476e-13
4.80627744634671e-13
-1.25183094142403e-13
-1.07775257902204e-12
-2.16159121851911e-12
-2.97468321676375e-12
-3.06557036700017e-12
-2.16300089818378e-12
-3.78744914120502e-13
1.75785113461918e-12
3.49519762091188e-12
4.20252287830492e-12
3.67066923731563e-12
2.19517242924794e-12
4.00400307527804e-13
-1.07784029097779e-12
-1.86285687396592e-12
-1.92871781913573e-12
-1.5082400389374e-12
-9.14321136163965e-13
-3.89355404471423e-13
-4.39788654170263e-14
1.22663272768275e-13
1.66686190674822e-13
1.49799145527166e-13
1.1458371686375e-13
8.15383662824097e-14
5.64148269657609e-14
3.85961980420551e-14
2.6577500169731e-14
2.01849340464733e-14
2.03448233737288e-14
2.7385820323164e-14
3.91771338948636e-14
5.07475023104036e-14
5.64287657399409e-14
5.36334181005984e-14
4.53000030336496e-14
3.79255478476052e-14
3.49449032807213e-14
2.92300600770231e-14
-2.329069819104e-16
-8.65900707798344e-14
-2.75280286846785e-13
-6.38382901228807e-13
-1.31003519664163e-12
-2.52867670379187e-12
-4.63891858953902e-12
-7.98023105930135e-12
-1.26067975503297e-11
-1.78771251274634e-11
-2.21146486539814e-11
-2.26787460338995e-11
-1.67404683865113e-11
-2.72004771137424e-12
1.81890145306562e-11
4.1364765779317e-11
5.97537921920299e-11
6.64777399794758e-11
5.79447427540014e-11
3.58042311077167e-11
6.54465153945849e-12
-2.11732315708035e-11
-4.00584912463309e-11
-4.67873378928729e-11
-4.25168164563949e-11
-3.1436925979067e-11
-1.8462457257451e-11
-7.32733838881838e-12
2.15663261988325e-13
4.14602553677756e-12
5.40078398669763e-12
5.12056933313354e-12
4.20593117625434e-12
3.19525157201073e-12
2.33152126077885e-12
1.68116768336363e-12
1.22959032278908e-12
9.35874424831673e-13
7.56798161465067e-13
6.54174251660949e-13
5.94996816573323e-13
5.49789651738825e-13
4.92420720085013e-13
4.0301396659996e-13
2.73477882050191e-13
1.12851730998259e-13
-5.1620051278161e-14
-1.80791186600408e-13
-2.37013154328475e-13
-1.99998695447727e-13
-7.77925561966895e-14
9.33502949419796e-14
2.61308552920725e-13
3.77460920592682e-13
4.14040546639627e-13
3.71536568871678e-13
2.73648454156977e-13
1.53781745367357e-13
4.07909010659725e-14
-4.91954669004906e-14
-1.12448821142173e-13
-1.51415297943054e-13
-1.67915038969645e-13
-1.60326396256294e-13
-1.26012400384137e-13
-6.661478416407e-14
8.02133509489539e-15
8.06482498513263e-14
1.32442695048932e-13
1.50808619064913e-13
1.34618607493947e-13
9.37866456588235e-14
4.35682645017789e-14
-2.74330360572263e-15
-3.82753182447126e-14
-6.20093914909491e-14
-7.46695457201629e-14
-7.48868740456377e-14
-5.88017387060692e-14
-2.31981842996288e-14
3.07638232921979e-14
9.67865314261372e-14
1.67084838261118e-13
2.38682527518505e-13
3.1832820884467e-13
4.21635166017453e-13
5.63544707860714e-13
7.40547597202768e-13
9.10403480033906e-13
9.81262488798651e-13
8.25202644931522e-13
3.25512566120428e-13
-5.50135295391413e-13
-1.68126255105372e-12
-2.77534982842664e-12
-3.43208664613237e-12
-3.28813560580843e-12
-2.19047978540499e-12
-3.14476038525829e-13
1.84699933299115e-12
3.64107962530502e-12
4.50080727895652e-12
4.1677134833551e-12
2.78379012549901e-12
8.10589117529459e-13
-1.17672354065651e-12
-2.71094800254057e-12
-3.56419386192408e-12
-3.74596664451388e-12
-3.4037946072818e-12
-2.70701907070792e-12
-1.78280513182111e-12
-7.22415345860011e-13
3.75196916721152e-13
1.37366051693177e-12
2.11438657381213e-12
2.46952610270801e-12
2.39766496587523e-12
1.9664680040582e-12
1.32908343618982e-12
6.68843019163701e-13
1.41438876127657e-13
-1.61110789423033e-13
-2.17492609208905e-13
-6.38589455295192e-14
2.25506082991017e-13
5.54773132814546e-13
8.20730473600345e-13
9.29815577831172e-13
8.20516885772365e-13
4.85819013056749e-13
-1.58372172662366e-14
-5.71356926614558e-13
-1.04636666085206e-12
-1.32954682419834e-12
-1.3689909665951e-12
-1.18473113264184e-12
-8.53519240961303e-13
-4.75396902833297e-13
-1.38639574538517e-13
1.02783267194682e-13
2.34000156491138e-13
2.70148378493651e-13
2.41658174591e-13
1.81090372189906e-13
1.14871396357692e-13
5.98995408395558e-14
2.35724559717685e-14
5.84150258140003e-15
2.29287562481179e-15
7.42903205993477e-15
1.747506388997e-14
3.24355376812944e-14
5.75850809094239e-14
1.04501653099172e-13
1.90670477453678e-13
3.35017387095848e-13
5.46313265892967e-13
8.04610447279613e-13
1.04316197607063e-12
1.14586075003476e-12
9.75676028684702e-13
4.36556200260688e-13
-4.52894747529284e-13
-1.51646024296875e-12
-2.44855719901127e-12
-2.92105836047218e-12
-2.72685606733658e-12
-1.88588381022647e-12
-6.50904894219928e-13
5.95976013765404e-13
1.50289134435988e-12
1.88122390928913e-12
1.75058090853136e-12
1.28834931004823e-12
7.25950983354595e-13
2.50534971458008e-13
-4.71716917371974e-14
-1.71247402109415e-13
-1.83522983051784e-13
-1.57832487314088e-13
-1.46256067695173e-13
-1.66221867541928e-13
-2.06636330225482e-13
-2.4456427009413e-13
-2.6196701600513e-13
-2.54377167116862e-13
-2.28924789281298e-13
-1.95281616398313e-13
-1.56745615293753e-13
-1.07858525984304e-13
-4.02006681795349e-14
4.76314646090988e-14
1.42831113689873e-13
2.19464000466608e-13
2.48413757012594e-13
2.11474826365687e-13
1.12341973018074e-13
-2.11835367633752e-14
-1.44925616104262e-13
-2.12470205275192e-13
-1.89924885172187e-13
-6.64575003101603e-14
1.41526439005613e-13
3.92456737680763e-13
6.27217678836334e-13
7.81931106235562e-13
8.04899441368689e-13
6.74228142934219e-13
4.09729108280521e-13
7.22628879477882e-14
-2.52386842978722e-13
-4.80926659173625e-13
-5.60857946457077e-13
-4.87987092141068e-13
-3.06175983004475e-13
-9.04468083003269e-14
7.85365425037127e-14
1.38373104749574e-13
5.9923176446916e-14
-1.48359962010881e-13
-4.44174157090277e-13
-7.59841029072256e-13
-1.014379335737e-12
-1.13009807675007e-12
-1.0534691608638e-12
-7.7553734918398e-13
-3.42752491970175e-13
1.50439583750453e-13
5.88747529461225e-13
8.73943062015825e-13
9.5752117172665e-13
8.53715644184849e-13
6.28229781564349e-13
3.69881967936248e-13
1.5907663641207e-13
4.54709783281187e-14
3.99892758609546e-14
1.19048840880806e-13
2.35709021745301e-13
3.33649476319878e-13
3.623711302813e-13
2.92513463538008e-13
1.27991001586288e-13
-9.08131127805648e-14
-2.97747910311605e-13
-4.24850069404362e-13
-4.30948327153832e-13
-3.21227934660037e-13
-1.46443106122454e-13
1.95790954250156e-14
1.13351676948783e-13
1.08706365306924e-13
2.36883114442281e-14
-9.4433887250743e-14
-1.95549983541057e-13
-2.49029692266783e-13
-2.513068149846e-13
-2.18330683935709e-13
-1.71010314199346e-13
-1.23590807726837e-13
-8.03684172706078e-14
-3.96433171121098e-14
1.26928535655657e-16
3.66995184784315e-14
6.45971313549196e-14
7.83995603354827e-14
7.60794354489995e-14
6.03813399562177e-14
3.78539600110351e-14
1.64631847786529e-14
3.09839019336524e-15
1.85318696288095e-15
1.32743132553125e-14
3.43491579038631e-14
5.90295770163535e-14
7.93656454575395e-14
8.74570869283803e-14
7.81298176112319e-14
5.15518888428296e-14
1.43966480040504e-14
-2.16790612019143e-14
-4.42557469349566e-14
-4.54133191013333e-14
-2.54598622186856e-14
6.85418340940175e-15
3.78622270526003e-14
5.46174230516873e-14
5.00676025161698e-14
2.55757617368584e-14
-1.00655271403492e-14
-4.44136406525884e-14
-6.61429800361858e-14
-6.87918350213666e-14
-5.22070213936857e-14
-2.16662388171588e-14
1.42610803808424e-14
4.58225139418882e-14
6.35690298685966e-14
5.96210635115529e-14
2.94951847776455e-14
-2.54101972888563e-14
-9.58203378838632e-14
-1.64923562545431e-13
-2.12244203332337e-13
-2.20503926532875e-13
-1.83076088468813e-13
-1.08745464347769e-13
-2.11322590828143e-14
4.78987848191205e-14
6.91376480805445e-14
2.76486766695536e-14
-6.92586653717846e-14
-1.91366670773685e-13
-2.93534565144055e-13
-3.30345370199228e-13
-2.7245970779001e-13
-1.18586306681497e-13
1.01641893686388e-13
3.35286919755928e-13
5.21850303854959e-13
6.12003611850931e-13
5.83179663414535e-13
4.46790553772919e-13
2.44382639125185e-13
3.3753039832508e-14
-1.30152765192952e-13
-2.12529375608755e-13
-2.07847384052148e-13
-1.38108315473999e-13
-4.23070155026583e-14
3.74000994291055e-14
6.71653013696767e-14
2.77342032803038e-14
-8.36644935189174e-14
-2.53229268066743e-13
-4.50836443914929e-13
-6.32035276979664e-13
-7.44995157144629e-13
-7.44085728362348e-13
-6.07173762223051e-13
-3.49122179733527e-13
-2.31921483428467e-14
2.9323527113434e-13
5.24171038605165e-13
6.20919982097234e-13
5.76992772137463e-13
4.26351309942494e-13
2.2759127481925e-13
4.25727365144755e-14
-8.13843147062267e-14
-1.20625094656747e-13
-7.57817338612257e-14
3.27027596354942e-14
1.70815632146749e-13
2.97796807829584e-13
3.74163509420447e-13
3.71275628513815e-13
2.8059266065153e-13
1.18651656967443e-13
-7.5998330350234e-14
-2.54455392303607e-13
-3.73746660790181e-13
-4.10884135959924e-13
-3.68680048512884e-13
-2.71474954061796e-13
-1.53860865020894e-13
-4.8219037812082e-14
2.38330321054641e-14
5.41408518223759e-14
4.61300377237184e-14
1.10137153032635e-14
-3.59091147658988e-14
-7.84310021984848e-14
-1.02620006676296e-13
-1.00216005199244e-13
-7.13703456143439e-14
-2.51943173897214e-14
2.29183991527554e-14
5.67352493653119e-14
6.53554020255652e-14
4.74523950677857e-14
1.17321330737408e-14
-2.64975233188513e-14
-5.09985527115744e-14
-4.99291194055573e-14
-1.84182757343191e-14
4.29755853841897e-14
1.33907330211215e-13
2.62468188459361e-13
4.52506603151534e-13
7.43894095628361e-13
1.1774268626058e-12
1.75807339606454e-12
2.40094836373439e-12
2.88367506956488e-12
2.84650254755991e-12
1.87858235911609e-12
-3.09118507700601e-13
-3.6869127542638e-12
-7.79532688399698e-12
-1.18115083685977e-11
-1.47884499784867e-11
-1.59428945739615e-11
-1.48229935270638e-11
-1.1277924774622e-11
-5.32928215446482e-12
2.84042863014922e-12
1.26479555995207e-11
2.2744750527437e-11
3.08968753359729e-11
3.445871019081e-11
3.14334738793498e-11
2.16302635525079e-11
7.1906157243784e-12
-7.98506920307585e-12
-1.97413699970506e-11
-2.53382106962796e-11
-2.44037689361987e-11
-1.87301198856238e-11
-1.1160021691492e-11
-4.27153798443491e-12
4.66998998065876e-13
2.81345780006603e-12
3.33204384223018e-12
2.83311460229363e-12
1.9830643203933e-12
1.17497342150968e-12
5.78499650526892e-13
2.40694860960747e-13
1.5510494635624e-13
2.82859375028491e-13
5.49531991092533e-13
8.47690515871913e-13
1.06020964577014e-12
1.09891696437048e-12
9.38757643668964e-13
6.26889924519591e-13
2.59379404890167e-13
-6.28268528239488e-14
-2.74771335241966e-13
-3.63961953023934e-13
-3.56588429574131e-13
-2.85743894908388e-13
-1.64137881888612e-13
1.93111365521517e-14
2.74635782865351e-13
5.73175729969011e-13
8.26096949093497e-13
9.04219949783569e-13
7.00110705086771e-13
2.00956642277227e-13
-4.76241333695337e-13
-1.11910773616802e-12
-1.51185531108156e-12
-1.53159266953057e-12
-1.19012807421603e-12
-5.98484098651014e-13
1.17538967382876e-13
8.93835081904742e-13
1.75065571848126e-12
2.75155592754928e-12
3.92044079491893e-12
5.15028341155355e-12
6.13662549595051e-12
6.37186007082513e-12
5.24172675750445e-12
2.25007599358173e-12
-2.66197068728158e-12
-8.83005387558589e-12
-1.48086005263837e-11
-1.86969068699527e-11
-1.88287649360852e-11
-1.45620616259778e-11
-6.75375077044404e-12
2.40954760484524e-12
1.02321302472563e-11
1.46058408423411e-11
1.48229692409352e-11
1.17001131005878e-11
7.00819784149598e-12
2.58219682615357e-12
-4.00285924198607e-13
-1.66802184044246e-12
-1.64698712567385e-12
-1.034330282014e-12
-4.23498448766033e-13
-1.24157005206363e-13
-1.71336116952178e-13
-4.36316564475514e-13
-7.49148085146117e-13
-9.80542361715686e-13
-1.07018864256569e-12
-1.01371406928397e-12
-8.32132323116963e-13
-5.48202325548197e-13
-1.84240399629318e-13
2.21148335646619e-13
5.95608252388496e-13
8.37148059207315e-13
8.4995720314382e-13
5.98890403415153e-13
1.49826684262347e-13
-3.37547562600723e-13
-6.73859568405683e-13
-7.33232918825877e-13
-5.22183750233107e-13
-1.78462089940948e-13
1.05054799495047e-13
1.87629561410399e-13
5.36031180380092e-14
-1.91987430727542e-13
-3.96899391607794e-13
-4.53198486767906e-13
-3.5057351986667e-13
-1.67183988549792e-13
-1.54492422950762e-14
1.81465119894562e-14
-9.20206090688526e-14
-3.08428467227922e-13
-5.49015585597779e-13
-7.11612626463909e-13
-6.97652330870768e-13
-4.37280338891691e-13
8.20267180459515e-14
7.89994805683314e-13
1.52757732678477e-12
2.07722771275454e-12
2.23196374576906e-12
1.8817516989067e-12
1.07655637876514e-12
2.71793272431506e-14
-9.67321383583963e-13
-1.63655742603519e-12
-1.84337744721375e-12
-1.62415523738413e-12
-1.14874602885617e-12
-6.28170367285297e-13
-2.22369011767566e-13
8.26168323477764e-15
9.54225373305147e-14
1.1859977789349e-13
1.55174877396365e-13
2.47701138029674e-13
3.94044145186553e-13
5.54370785388336e-13
6.67372624177376e-13
6.71627358762861e-13
5.2920439298082e-13
2.45347877214294e-13
-1.25179258777218e-13
-4.91821318913954e-13
-7.59315841539904e-13
-8.6315541302992e-13
-7.93182143229987e-13
-5.95833766440373e-13
-3.57842499121991e-13
-1.835328221865e-13
-1.78106349655628e-13
-4.40335972979461e-13
-1.05524508402233e-12
-2.06873906026528e-12
-3.43012402335974e-12
-4.91011051262369e-12
-6.03720372305272e-12
-6.12525481724635e-12
-4.45830612011422e-12
-6.3131238518116e-13
5.07085389303552e-12
1.14739294454491e-11
1.67048840038486e-11
1.88186636412846e-11
1.66430359077596e-11
1.04221561936235e-11
1.86783856610806e-12
-6.48116109391861e-12
-1.22969785396054e-11
-1.43650152537034e-11
-1.29054249925487e-11
-9.22116463047962e-12
-4.95474408029883e-12
-1.39157533152884e-12
8.77492577298217e-13
1.89315902364429e-12
2.03856528012414e-12
1.7462496292725e-12
1.33203463450332e-12
9.63137989501428e-13
6.97906847330759e-13
5.34723686770183e-13
4.43062876968534e-13
3.80114153044134e-13
3.04736406464903e-13
1.92695712901772e-13
4.7341487961804e-14
-1.0221969212916e-13
-2.16849487585241e-13
-2.68917646397554e-13
-2.56706494169284e-13
-2.02778522055344e-13
-1.38243813640505e-13
-8.47504371911424e-14
-4.70410555398083e-14
-1.97894441990049e-14
-4.87224574447225e-16
4.32259420653767e-15
-1.48271779104809e-14
-5.81483917006659e-14
-1.10519754426778e-13
-1.47995466793019e-13
-1.51753460600652e-13
-1.17722238207607e-13
-5.4464066042521e-14
2.72962753881121e-14
1.23157682511456e-13
2.3444828435408e-13
3.61497480170711e-13
5.00861125577595e-13
6.53707123154934e-13
8.41326411749749e-13
1.11292637432203e-12
1.52919051119721e-12
2.11528169112574e-12
2.79538393301026e-12
3.34033104995579e-12
3.37150251293605e-12
2.45740602346223e-12
3.0523440762778e-13
-3.0091873003818e-12
-6.88813893076623e-12
-1.0263984107084e-11
-1.19160644893035e-11
-1.09701059000655e-11
-7.35587198791299e-12
-1.96134623299538e-12
3.65252966760821e-12
7.8740668499333e-12
9.69234501685401e-12
9.04281163838228e-12
6.69075645581829e-12
3.76445012315041e-12
1.22759940233974e-12
-4.37451019418694e-13
-1.23851027090255e-12
-1.46731140692608e-12
-1.45460813533171e-12
-1.41755877869354e-12
-1.42683391143872e-12
-1.44644506875485e-12
-1.39003175289587e-12
-1.16863918715737e-12
-7.31640876355799e-13
-1.01986378597905e-13
6.08717774536888e-13
1.22474025279068e-12
1.57155527740621e-12
1.55360403361615e-12
1.20028195282201e-12
6.50065233847447e-13
8.01605418328244e-14
-3.75694701043594e-13
-6.7156631818055e-13
-8.33630039998035e-13
-9.05089750976446e-13
-8.98608553019653e-13
-7.93096328628035e-13
-5.7371208478374e-13
-2.78204380105979e-13
-6.89216224917426e-15
1.1909880904843e-13
2.8629686512141e-14
-2.4299892610255e-13
-5.4685021701889e-13
-6.70362040617462e-13
-4.26499520379472e-13
2.50048869413974e-13
1.23562000475114e-12
2.2136793266514e-12
2.75798286118734e-12
2.49710495336952e-12
1.30723589505249e-12
-5.61208740069985e-13
-2.51488608583872e-12
-3.83123264016683e-12
-3.97358491596722e-12
-2.84975688880085e-12
-8.69124542300648e-13
1.24008507455808e-12
2.75642984999547e-12
3.2616899632576e-12
2.76614169937572e-12
1.62773538137789e-12
3.39632998374445e-13
-6.90165806449539e-13
-1.26742789440665e-12
-1.41557425503702e-12
-1.28751046282738e-12
-1.0520812736628e-12
-8.16124132250323e-13
-6.08727261305897e-13
-4.13922043342174e-13
-2.14606354605532e-13
-1.47143615922361e-14
1.69217436829343e-13
3.31367935478208e-13
4.904356001173e-13
6.79389758426879e-13
9.15411951969702e-13
1.1692629286672e-12
1.35639893414363e-12
1.36206551679813e-12
1.09390881769533e-12
5.37384264691354e-13
-2.17633338650894e-13
-9.99021178282877e-13
-1.61682234441074e-12
-1.93727109007447e-12
-1.92642928519005e-12
-1.64207807507727e-12
-1.18572979126291e-12
-6.50826994293835e-13
-1.00513144357141e-13
4.18653881093661e-13
8.50240613591707e-13
1.120515572689e-12
1.16335435208781e-12
9.61320866660342e-13
5.70859765708365e-13
1.09549285062186e-13
-2.89677786965981e-13
-5.3016862818292e-13
-5.80429476183808e-13
-4.69708581925243e-13
-2.61681626888277e-13
-2.71250392074951e-14
1.71127435139029e-13
2.83154901435656e-13
2.78129299105534e-13
1.57954975054525e-13
-2.94609748109718e-14
-1.94600357963232e-13
-2.39571573299943e-13
-1.11118505076533e-13
1.55988652441978e-13
4.37915437419278e-13
5.75248345052043e-13
4.58840810398792e-13
1.00091592999951e-13
-3.59737277943681e-13
-7.1354223528039e-13
-7.93755957229775e-13
-5.60247594844077e-13
-1.21122147142723e-13
3.23609466047065e-13
5.81656576202627e-13
5.56916112618572e-13
2.84729894826571e-13
-9.52292037543698e-14
-4.06978297633545e-13
-5.12852347395176e-13
-3.65577414260937e-13
-2.2277352759812e-14
3.81189302128479e-13
6.85231710782774e-13
7.70417638105286e-13
6.04330713076251e-13
2.50191387789547e-13
-1.67157737304691e-13
-5.20462687704504e-13
-7.3341799213672e-13
-8.01438776454333e-13
-7.73165819561994e-13
-7.08635407298264e-13
-6.40772157556313e-13
-5.6061275413577e-13
-4.30223781947014e-13
-2.12466058201882e-13
9.90154342523329e-14
4.63458752712059e-13
7.97597393947108e-13
1.0012892208075e-12
9.96747497906958e-13
7.666098116553e-13
3.72340938463445e-13
-6.0552135679702e-14
-3.89144472938766e-13
-5.12183015183992e-13
-4.12813040044993e-13
-1.63103918934294e-13
1.11213183031245e-13
2.86695688890559e-13
2.91456312209726e-13
1.27811308628725e-13
-1.3604178547566e-13
-3.96745543319518e-13
-5.55345591561618e-13
-5.52917032905359e-13
-3.91727232249006e-13
-1.34261674586238e-13
1.21744804450381e-13
2.84502537631001e-13
3.08368212692187e-13
2.13435741519899e-13
7.34612430565093e-14
-2.27375203490669e-14
-1.67386297287046e-14
9.06233638478526e-14
2.40991579990302e-13
3.47954250048271e-13
3.37419952005022e-13
1.78969510110198e-13
-1.03644611610613e-13
-4.42469303384152e-13
-7.47585641395349e-13
-9.33030345692809e-13
-9.41044117630518e-13
-7.60476751016093e-13
-4.33665066747538e-13
-4.69350036266802e-14
2.93393022550437e-13
4.90330378296461e-13
4.83660095480787e-13
2.77134652032496e-13
-3.83257980202372e-14
-2.992640044195e-13
-3.64465917298759e-13
-2.44427091414257e-13
-9.0698160245227e-14
-1.44334278686861e-14
