7.440579263060274201e-03
4.547838526504932328e-04
1.460539383279160601e-02
1.949831636987396644e-02
6.751277215094346820e-03
1.472091550574937402e-02
1.832531087561700342e-02
9.192908359350025066e-03
8.750929570749164249e-03
1.348770974664227976e-02
3.097797849161021237e-03
1.203464632038162528e-02
1.740900527116921379e-02
5.481047230311491408e-03
1.455825971868876176e-02
2.589116247108578205e-03
1.238428886005140013e-02
5.708220954367764464e-03
1.209641285225505902e-02
1.140899973498946812e-02
1.893972560965397414e-02
4.381024737239384848e-03
1.613454824465960710e-02
1.106985573623433042e-02
1.868277680222203349e-02
6.437381456442956180e-03
1.680594026356068901e-02
7.156320128808369221e-03
1.528838828958327574e-03
1.194134270412978115e-02
2.587853080246802460e-03
8.206106239954893966e-03
2.112197053632049876e-03
1.556786708199275199e-02
2.809248634057435329e-03
4.930950857455876184e-03
1.712193907659167666e-02
6.421914221770108275e-03
4.076488959508899057e-03
1.972878209578897424e-02
3.805598982874745014e-03
1.685391484770094525e-02
9.448289006349531050e-04
1.797986608542559428e-02
1.156707357894488225e-02
4.816198023020741396e-03
1.598021989386267869e-02
1.682187159031447998e-02
4.318791864273041799e-03
7.729882371638910170e-03
5.825236089582135242e-03
4.307718505102942422e-03
5.189193115148327436e-03
1.123261144067378738e-02
1.410581596728577997e-02
3.920897550342896699e-03
2.137006977505470987e-03
1.792062402177751687e-02
8.509763997511911662e-03
9.383467645279466515e-03
1.885447178629624495e-03
3.631604581995549058e-03
1.268318935647684900e-02
1.689076408521059114e-02
2.106042693993062046e-03
6.462097952338208707e-04
8.804635266399827437e-03
1.171630149094172145e-02
1.508431915076371282e-02
1.297520195635895428e-02
6.513666400127182676e-03
1.629174227983256132e-02
1.105698926483691426e-02
1.428282907976004962e-02
1.217654746298060114e-02
1.803812709830139235e-02
8.552123125795042802e-03
1.634619346942202747e-02
1.879293866771571120e-02
3.229439001052720592e-03
8.895753105564901606e-03
1.881019746010141602e-02
1.141442366264571774e-02
1.569976826693810293e-02
7.934145673386175032e-03
1.437541708142467053e-02
5.884162981008252136e-03
2.045592315290853912e-03
9.814878965398565747e-03
1.653429388042127260e-02
1.671632137388949849e-02
3.944261280257616714e-03
1.140255095870004905e-02
8.263797208839027478e-03
1.302944161048563004e-02
7.075416442177344389e-03
1.074082051507707462e-02
1.702174097731128100e-02
1.351070794691250354e-02
1.530285130037072755e-02
1.127548343859356358e-02
3.000956369342673135e-03
1.288431589633374195e-02
3.643945113610738435e-03
9.333030814772564493e-03
1.873751836491823397e-03
3.457162169945783309e-03
1.921136364013958236e-02
3.206248613195108055e-03
2.320106280438747823e-02
1.834008774102002109e-02
3.839814451513511029e-02
5.932887672632744525e-02
8.216651979003258832e-02
9.021299603381052745e-02
7.985698814518550626e-02
1.561007595473809170e-02
-5.599714351119352423e-02
-1.267710682306748271e-01
-1.670496986658325800e-01
-1.235792702215398886e-01
-6.085296933279908671e-02
1.387193249789158041e-02
7.358422167842285089e-02
9.448060681648057235e-02
7.655104099586303168e-02
5.473493951295626408e-02
2.794517918898640346e-02
2.352681180188311363e-02
1.229564508120248832e-02
1.149431935198582180e-02
3.556446878433331283e-03
4.392027832304740489e-03
1.778330838441164255e-02
1.275981429829735163e-02
1.334710300023602553e-03
1.545018346693109203e-02
6.504404754033699283e-03
1.738599359903298530e-02
7.121091201320836270e-03
8.946940919536022427e-03
6.442030353082734556e-03
8.839469076341015946e-04
1.681008087897658751e-02
7.998694941839148975e-03
1.029504095087840692e-03
8.687504094381173422e-03
1.272577127168736909e-02
3.275665582899866916e-03
2.871901694841407990e-03
1.038417491359255353e-02
1.370227542016849535e-02
1.249568558208504626e-02
3.141563153204685261e-04
3.361685338908622193e-03
7.044890104123708620e-03
6.119077021414693479e-03
1.891180383137293364e-02
8.047590316297315190e-05
9.765718951435070974e-03
1.000209843870215193e-02
8.049928247788102134e-03
1.293783050962935346e-02
5.641088189924165636e-03
4.011905437056897256e-03
6.461741469945156587e-03
1.961032547239187351e-02
9.887475715746784494e-03
1.129875152530838631e-02
1.436600854425980692e-02
5.149379398636624514e-03
3.506810386806002988e-03
7.193774485617750007e-03
9.094529463904215891e-03
1.042195504550943314e-02
2.280090549190543110e-03
8.805701037386320582e-03
1.872788927619270863e-02
5.193994611633183725e-03
1.740453554064688366e-02
1.750114861028092411e-02
1.719300557368889579e-02
3.050596523694873094e-03
1.988259843485682549e-02
1.670830798404947509e-03
3.403025312106114017e-03
1.072298496853766464e-02
1.933578545198644250e-02
4.532044110741519950e-03
1.391551851156176862e-02
9.878366347474182643e-03
5.222351752459490626e-03
3.370739524993189313e-03
1.820070910266666925e-02
9.257204771982590480e-03
6.727102095843553141e-03
6.570180921760280200e-03
1.981763396890420803e-02
1.498795862450948146e-02
3.109875161051982740e-03
8.987288008355222291e-03
1.582260561888490166e-02
1.813358687508711403e-02
2.510733369529039114e-03
1.910704413451167274e-02
5.051535757536950930e-03
1.738891884035134727e-02
1.828235688397550438e-03
5.804834813324321989e-03
1.002405211433744087e-02
1.052582958953218566e-02
9.187484817154483938e-03
1.815666856683678318e-02
3.403614039558455588e-03
1.000874086495842814e-02
1.839612764635661576e-02
6.707902144511266630e-03
6.476350674455438189e-03
1.350516648973114180e-02
7.174676230042569686e-03
1.503426805252385152e-02
2.539454610618234812e-03
1.213785040400007682e-02
4.425728684730651820e-03
1.651363743114129352e-03
7.929794248102660370e-03
9.125509642818031841e-03
1.091626242904368375e-02
1.043307357595851803e-02
1.429051663569888726e-02
1.167988695322402966e-02
1.870424602374291811e-02
5.839048921850809124e-04
1.401242966874650941e-02
3.284749245560258761e-03
9.706271083796770560e-03
6.972532029544991489e-03
1.050659217845149179e-02
9.533497347308210121e-03
3.119200515952453862e-03
1.481640268052961769e-03
1.569695641664414429e-02
1.235102545579774315e-02
9.176460079814048598e-03
1.114652391231931230e-02
1.983198025258734593e-02
1.836104616692759567e-02
4.442439086276306370e-04
1.500947321838775467e-02
4.512135543379956065e-03
8.347208015875596035e-03
1.128890094576489624e-02
3.872250891000472879e-03
1.602476863816476929e-02
1.114597991272652487e-02
7.373409450332579426e-03
6.917846435285204647e-03
1.753174853815334111e-02
4.420315868896580735e-03
2.659502200547083500e-03
3.759999528442001943e-03
1.948747571526336913e-03
1.972313966900791221e-02
1.602370140610299282e-02
7.291495679322425837e-03
7.690498415192541411e-03
6.783902691785195609e-03
4.954311523435725624e-03
2.000236790780362921e-03
1.912653825086679110e-02
1.104958144582561183e-02
8.483197236183697212e-03
6.293886483469757556e-03
1.178948787918620254e-02
5.034540857524112158e-03
1.818527172816920834e-02
1.031122054735010909e-02
1.391052135648511261e-02
1.511645105083317051e-02
8.980013131841052196e-03
1.766079091794863984e-02
1.213608164321651646e-02
1.940642032626541114e-02
1.239028110905193811e-04
6.406556743511988838e-03
1.096727934635958850e-02
1.564813032824413641e-02
4.890536434444581020e-03
8.323719191087606065e-03
4.153122991515933868e-05
9.821439791801722324e-06
2.428620969286083946e-03
1.619944769984181868e-02
1.470033761263811467e-02
1.034932269951083748e-02
1.852610701403406557e-02
1.711040996596666780e-02
1.883758043091095236e-02
1.310908046931564229e-02
6.408311998000426959e-03
5.420340220512597819e-03
1.109936596477804384e-02
9.946251728680584325e-03
2.974584786681457992e-03
9.926171100950668957e-03
4.654635441809240083e-03
7.402784192352050881e-03
1.439586572219137862e-02
1.634464646947006439e-02
6.216261590407640147e-03
-1.032798842629050265e-02
-6.334089485204040526e-02
-1.155948863672033866e-01
-1.796685666792756653e-01
-2.152934838308057375e-01
-1.852383938729022794e-01
-2.224700498300711052e-02
2.141850157456177683e-01
4.409762664764195206e-01
5.278142896387844063e-01
4.301983532062272908e-01
2.133670730177018027e-01
-2.547348531035652230e-02
-1.803851005788914275e-01
-2.223627246213178976e-01
-1.855777966261904499e-01
-1.195033971168607406e-01
-5.874330286807041834e-02
-2.716887768856626056e-02
8.430995554654190788e-03
6.306430904391951975e-03
6.382688801192554218e-03
5.422432464098046918e-03
1.138719180748361433e-03
1.849082131010387764e-02
1.694473735873950823e-02
1.375277924307970363e-02
4.144244280619986502e-03
2.581536837011004070e-03
1.773451885122241667e-02
1.926706662588503066e-02
4.421328239816984390e-03
1.612990643945325792e-02
7.236743661185508596e-03
1.456809585191462184e-02
6.201307341559100100e-03
9.772513516572651007e-03
4.609800716017900188e-03
1.406395475342807691e-02
1.745500792902469553e-02
1.825367841847227654e-02
3.665850416204663518e-04
1.763219108294855966e-02
5.638566657914963198e-03
9.836367891943259209e-03
1.193976645145113265e-02
1.146715297886801745e-02
2.931483886355494995e-03
3.550991192926628969e-03
7.127188210253429697e-03
1.436227987834762417e-02
2.554933207422782626e-03
1.665046067595037441e-02
7.560063188538124245e-04
1.683447311030977431e-02
3.023440937708210411e-04
7.037726459858912459e-03
1.813199674799780350e-02
6.890168647866745828e-03
6.477733456469660957e-03
1.192728885242493346e-03
4.392866946416289567e-03
1.952225032883507516e-02
5.335810305526085193e-03
1.553073297424566006e-02
1.746236183297385051e-03
1.823643816737426787e-02
1.898339729076261445e-02
2.280021090111170393e-03
8.854158834334581452e-03
7.786074788783375021e-03
7.595623610787110257e-03
1.962884104461413287e-03
1.550353127734257520e-02
9.119398978342949103e-03
1.278158110916587792e-02
1.494479966455313467e-02
1.897839163800095832e-02
1.752561922022116692e-02
2.689255967070096516e-03
1.531161942409096227e-02
1.546730843259094303e-02
1.653190436351964152e-02
7.478320593883647227e-03
1.508118009613099511e-02
1.423558449659921392e-02
2.495395427950364135e-04
1.952187454662976948e-03
3.133207050528756792e-03
1.808529020888847288e-02
6.955363210075850809e-03
1.607480394148396580e-02
2.976897449649109663e-03
7.610426114968680406e-03
1.203517417408610062e-02
7.357826588049128091e-03
4.604405332486449613e-03
7.817754637651110408e-03
1.869198938159935541e-02
1.015425640641368608e-02
2.709863326338353331e-03
1.918746851274363494e-02
9.113692970549829367e-03
3.096819868033628921e-04
7.412403127606730438e-03
3.024340928293314107e-03
2.099171346784825185e-03
1.417018962402257810e-02
1.021795103594127542e-02
5.318263743811984384e-03
1.175769300688686916e-02
1.622604453498095387e-02
1.241302555636020905e-02
7.145661900594464655e-03
1.434256649940048034e-02
3.696819525353440931e-03
4.953657051892419380e-03
1.264503323354234168e-02
1.945612471242275446e-02
7.912156443869604316e-03
5.842204584635423987e-04
9.995081264184720385e-03
1.550126126124223153e-02
1.496906614928656017e-02
1.958372596786446540e-02
3.480648440887885910e-03
5.979069460116863931e-03
6.548123187757440115e-03
1.981809471536846029e-02
1.245356819459974250e-02
8.360731426643595171e-03
1.876339074611620139e-02
1.639019908591458560e-02
9.859412453175087424e-03
3.848528844065599464e-03
3.706960572445869816e-03
3.846157294382283962e-03
1.558098289945841937e-02
3.458575510095633892e-03
1.866704709246760213e-02
3.254801207181430307e-03
1.011045614657956476e-02
1.573155219651883874e-02
1.398855931251799870e-02
8.841774957032618246e-03
1.284716913990065212e-02
3.869513947762144145e-03
1.841587058221967610e-02
1.789481946543119636e-02
1.631595493515776082e-02
6.975453393635621877e-03
1.645103960678104965e-02
4.781666009156792900e-03
1.768878214901187587e-02
5.790584522309176474e-03
1.624716316666092661e-02
1.215277403490977980e-02
1.326794074452142431e-02
8.237548854406124763e-03
1.339733211913583799e-02
8.140114099804690931e-03
1.962411842688538757e-02
1.658791716577141806e-02
8.180027801350664082e-03
1.904388043311657300e-02
7.202325544438187982e-03
1.212249999211723744e-02
1.034667844642183504e-02
6.825460509030229633e-03
3.352770751099951475e-03
3.091195302523501616e-03
7.010683166147171734e-03
5.784135617076564470e-03
5.166693340140316067e-03
1.962476767643128641e-03
1.837621149436968054e-02
4.265940886352204489e-03
8.746841127215075271e-03
1.909124086584431182e-02
9.842999906586956393e-03
1.536503060320009578e-02
1.575731221683245031e-02
4.388157534856695560e-03
1.821855466417533417e-02
1.791895801952625086e-02
1.079149424701871321e-02
1.603071967252742494e-02
1.508838934092579000e-02
1.058544374613798987e-03
3.883891355270963248e-03
6.403486204026518670e-03
1.193883240515605446e-02
8.357091907195121627e-03
4.352492517481078294e-03
8.678623889765717594e-03
1.001465937450022985e-02
5.646313666044878998e-03
6.647429993338357587e-03
6.535816209093173179e-03
9.819804774040026205e-03
1.324278634657999332e-02
-4.129624677088042026e-03
-8.698194243465205699e-03
-2.362373784924388931e-02
-4.231391416958939222e-02
-3.181245892702609657e-02
5.784418530312696038e-03
4.280917615819632149e-02
1.018723016428366435e-01
1.185699490196502892e-01
8.850185249794999265e-02
5.575444389202188766e-02
1.013724149929418929e-02
-3.656938182928037850e-02
-4.294178383339761901e-02
-1.945327684737806553e-02
-1.526043973919284820e-02
5.333116950606849038e-03
-5.265898714044542871e-03
5.832121598391809200e-03
1.707606695203725891e-02
1.206750247065299479e-02
1.127708187441892745e-02
1.908581957953543393e-02
3.636297858291387321e-03
1.457000645557101834e-02
2.950231850238693027e-03
1.539356505612943411e-02
1.732101167492610186e-02
7.871008582913022189e-03
1.370067746626798914e-02
3.425215044299152137e-03
1.800263947780918064e-03
1.122285572856319448e-02
5.169886685545199874e-03
8.214808969066138625e-03
6.619843607755169362e-03
9.044762165250042410e-03
4.269215136617348326e-03
1.538246068053286154e-02
5.761947134691172180e-03
9.090868041880311931e-03
4.180813788804562704e-03
7.396877008917419373e-03
1.571183316407770772e-02
6.017772415057174619e-03
8.257046721110708129e-03
9.787562745386993099e-03
1.710987339474676419e-02
1.898419053092689421e-02
1.153137406677660556e-02
1.524891341115901765e-02
2.340937171867927408e-03
1.771794107747669267e-02
7.682888635805193780e-03
4.815785817058191448e-03
4.330052258173135681e-03
6.154402940140506900e-03
1.419847510670959635e-03
1.562912364007838784e-02
8.035106568389394771e-03
1.610686654009370160e-03
8.195705300153172460e-03
1.020726083252588776e-02
1.055628241498789664e-02
1.615500405698834518e-02
1.176736740993851102e-02
9.567570147659269428e-03
1.310780772505206956e-02
1.791944962321169107e-02
1.463545622117577369e-02
6.817592850054987911e-04
6.922816261641155829e-03
1.752848792774709674e-02
1.644141199582361060e-02
2.252342956082491448e-03
9.293566467368357190e-03
2.243152404280688347e-03
2.136578238678676900e-04
5.756198007086268768e-03
1.867134912767175192e-02
1.370615739468272753e-02
2.467011510814678607e-03
1.627936878144908806e-04
1.331446149007447545e-02
1.213409168799999341e-02
1.996453257863226721e-02
1.134769367062160605e-04
1.910265680621801854e-02
1.696612114908557789e-02
8.769328713604820913e-03
1.313224052950961139e-02
4.597616148780975937e-03
2.028423640481187302e-03
1.872857200278263412e-02
1.136488565648171092e-02
1.671600892577533928e-02
9.105068782446988293e-03
1.311274821752771158e-02
2.979404909231977636e-03
4.085831826493846724e-04
1.158097648569295091e-02
5.689213951017056160e-03
1.974010630946522113e-02
6.324511686633311515e-03
3.815531065869544238e-03
6.376275453365356366e-03
1.973985946675942474e-02
5.301568764357138773e-03
1.549743411266231267e-03
1.761752448346659561e-02
3.785853431609367218e-03
2.779607436493791543e-03
1.656818252546836401e-02
1.184860350961883420e-02
1.783766958898125310e-02
7.939565308625520096e-03
1.628435044360097839e-02
3.180172881333072268e-03
1.564450438197415635e-03
4.707751905316950349e-03
1.043069678883036880e-02
1.609372954398939626e-02
7.400972813685005244e-03
1.788608016296324918e-02
1.579562379377140446e-02
3.892011428373714013e-03
8.785587420859658839e-03
2.193762533078444810e-03
1.877103470847322000e-02
1.619338490191557598e-03
1.106773109567819706e-02
1.301361270045069823e-02
1.527240571996154629e-02
9.107407217689376597e-03
1.903504296404405147e-02
3.825026830031226076e-03
1.626241697449379991e-02
1.175896824915693799e-02
7.461505083376649555e-03
5.548564069217065860e-03
5.803065832872527502e-03
1.426888711238574184e-03
9.222062267983267142e-03
5.773565033001814856e-04
1.450280138875158567e-02
7.156498519809591057e-03
1.913145709651749293e-02
1.384168797275537287e-02
1.538423500655860220e-02
7.854574732506789184e-03
7.893192262725112762e-03
8.859131737277459477e-04
1.408571877065073474e-02
7.317750395420681044e-03
1.329351242054752774e-02
9.045093357879086318e-03
1.053272730606088885e-02
8.526532421127674261e-03
1.014699335035829141e-03
1.505991186923701097e-02
3.275195176505600776e-03
9.123666144977748884e-04
9.797536501270511997e-03
6.965353801492826617e-03
1.003795360235153200e-02
1.938086721568270734e-02
1.160615566347823063e-02
1.289950878102356056e-02
3.475264773043009858e-03
1.970144927354459258e-02
1.302639422751698632e-02
7.311428162125672287e-03
6.397968174230963395e-03
1.792490443197421526e-02
9.320919973129915400e-04
4.274996922308531289e-03
7.149727499338605005e-03
8.166374999628488174e-03
1.690540318337408268e-02
8.012419169509996109e-03
1.232395917774562269e-02
4.437124925099891412e-03
1.077486292262478176e-02
5.078702674058046401e-03
1.900757103198028736e-02
7.344174718952180964e-03
1.690029769686328398e-02
1.000817171166395493e-02
1.398708838893474374e-02
1.066403100441681677e-02
1.072429959248030924e-02
1.514195826079210890e-02
9.850285016556182063e-03
1.340876344766273563e-02
1.212571505620797969e-02
1.571099504904563057e-02
7.445904005295335935e-03
1.133211274663280602e-02
2.435162112938168977e-02
2.824044178708309122e-02
4.829737654596252816e-02
8.674405221270838073e-02
1.252171647539152277e-01
1.422362279538912366e-01
1.308870790237446902e-01
4.136053279618568529e-02
-1.088789924153621275e-01
-2.544926439378394911e-01
-2.976968373555004543e-01
-2.537094942629691818e-01
-1.166719599087942538e-01
4.035001863365809266e-02
1.306783392618079132e-01
1.486851406703097456e-01
1.292081593168911968e-01
8.803762396662752343e-02
5.618025987157093670e-02
2.561819160339617180e-02
1.247177093451875413e-02
2.002043078130612622e-02
2.303315091822626115e-03
1.277954693894492802e-02
1.991191867129912807e-02
1.792489225545877696e-02
3.666383647286899916e-03
7.760785461337314783e-03
1.855306928137733999e-02
1.024963950367098822e-02
3.396865373034167138e-03
1.887203689111878468e-02
1.120949017427938683e-02
3.559568914719030922e-03
1.585012559048954925e-02
9.429680296004164936e-03
1.767005023350709525e-02
3.816447001052259130e-03
9.489937172828668416e-03
5.717934288770301111e-03
1.771026284787477478e-02
1.350300148846173692e-02
1.093103152720287154e-03
1.258884407411853257e-02
7.094691300726219509e-04
9.149945786754204793e-03
7.740473346046255337e-03
8.268038689268890351e-03
7.392752141718701708e-03
1.420128261857384749e-02
1.935528855832145678e-02
9.800125773283126576e-03
1.083122228349653370e-03
1.513628381775853314e-02
4.643534602796994988e-03
1.959754022964359590e-02
4.233154336223467727e-03
1.569665366918562193e-03
1.295797837964597111e-02
1.093674583491068171e-02
5.048236859333737198e-03
4.135224354985578103e-03
9.194996914016039923e-04
1.046097254451378543e-02
1.971174417640041837e-02
4.980717058651256551e-03
9.050532147154277934e-04
7.568691588483136140e-03
1.035252150286913864e-02
2.899435516195492286e-03
2.778121931443120265e-03
4.890900976717020739e-03
5.086809473329134646e-04
8.774299473274327008e-03
4.797510907160673567e-04
6.762230560334794340e-03
1.358234104476462902e-02
1.415017450663447890e-02
1.308901712376726867e-02
1.490992881594845228e-02
7.443248943870623552e-03
1.825246100368891483e-02
5.211240658886602192e-03
4.134958221456232902e-03
1.357987191176092748e-02
1.636905334423334468e-02
1.184015501848143317e-02
9.764813494318862544e-03
1.142407656911775121e-02
6.648550686423171374e-03
1.469442389141593919e-02
2.750542835089315758e-03
9.592834664068230696e-03
1.134655718335382708e-02
1.273902851089845495e-02
3.733873389480879480e-04
1.375899031400231592e-02
1.065313983473909105e-02
6.728651648466301913e-03
1.180359066853717970e-02
1.368015016102838190e-02
1.988187241698027158e-02
1.957675299272684799e-02
8.451298482339194076e-03
9.950923115221476864e-03
1.876206475339186122e-02
8.782668447529014266e-03
1.552073309563738179e-02
7.820627349223466251e-03
1.745630206571004150e-02
9.033248200931069324e-03
9.705164082232219797e-03
2.456997591303198072e-03
1.560090052838285484e-03
5.276099432815662023e-04
1.278261626042874986e-02
1.199579608335120916e-02
1.780891800250894354e-03
2.038112267365142088e-03
6.761818829720764486e-03
1.726495471260761777e-02
6.515706722119207544e-04
1.970626988370733149e-02
6.482828340742614187e-03
1.974031651250764824e-02
1.453737384282915903e-03
1.803020909725167736e-02
1.481620744636821980e-02
1.441419935583536632e-03
1.676109699657589436e-02
8.211269157530247734e-03
5.028609638522196779e-03
6.398777696930335514e-04
1.862753610015106549e-03
8.346033829580190881e-04
1.818950476282478121e-02
3.422230388584404301e-03
1.929185972503864172e-02
5.894379447873683391e-03
1.380007613545217865e-02
1.003247877408777224e-03
7.376828762705622171e-05
1.891032106879018265e-02
3.995085591986766681e-03
9.977559580074705711e-03
9.232394962000281188e-03
1.349484678227544192e-02
1.094764564574435793e-02
1.390073657462343945e-02
5.556275997425880880e-03
1.663392404602566377e-02
1.838167424593997257e-03
1.273460564135044104e-02
6.928728942444031119e-03
1.041746639387637272e-02
1.044573045251195355e-02
4.634089634469706898e-03
1.213178108347454445e-02
1.924399209765817464e-02
8.298221590917718993e-03
8.967267366282021326e-03
1.038961389766044838e-02
1.837106304594574718e-02
4.804954680173989350e-03
1.042136278948650567e-02
1.181843165635254665e-04
3.559040634700551958e-03
1.109416032153175656e-02
9.079123466713113176e-04
1.901942168466889960e-02
1.875064402822775728e-02
6.588376064459968567e-03
1.062060870249295803e-02
1.564230199280072092e-02
1.474898303117870915e-02
1.753947261696661708e-02
5.988897333197811326e-03
9.258923758814159577e-03
5.061837993062887585e-03
1.909580101352537172e-04
2.971087530235039329e-03
1.529594714704132254e-03
1.105716758372801006e-02
4.724106133194083852e-03
7.177643702237679509e-03
6.869773950832507373e-03
1.157033795570638381e-02
1.403555681932956017e-02
4.311104839802457241e-03
1.597497739096712110e-02
1.487736223465064081e-02
1.662197478961609926e-04
9.031028350890313305e-03
3.530126692959472973e-03
3.154598621497054552e-03
1.914656404164758255e-02
5.702364092487192081e-03
8.942277802420094124e-03
1.264110360739301858e-02
1.693523090141744666e-02
9.967123019089536851e-03
-1.878659857853826748e-02
-3.809271070240147911e-02
-8.416418147506116165e-02
-1.275307417613056327e-01
-1.624746851441127293e-01
-1.414418625286617825e-01
-1.342626552661968509e-02
1.497228697788158258e-01
3.274215201727121993e-01
4.015721599400094433e-01
3.302354191658828930e-01
1.653484563866663148e-01
-1.210662075125055678e-02
-1.346114707383547771e-01
-1.599195237082690624e-01
-1.324785799245424833e-01
-8.261907958718600620e-02
-4.250653691063973477e-02
-1.349308561155803873e-02
-7.898576593346820496e-04
-1.879868995740541487e-03
1.090883960334537760e-04
1.385233065260297117e-02
8.012613833412706712e-04
8.526057047564981548e-03
1.035673064762067039e-02
1.172068899308845169e-02
1.258344748606148554e-02
1.892269263839563287e-02
2.626006908030381528e-03
1.722045584960242917e-02
1.122751496654598134e-02
7.533415515635797852e-03
1.851163481958050666e-02
8.835028986671281115e-03
1.902948231796633416e-02
1.322626676915686882e-02
2.767519909130709051e-03
1.798885411258380196e-02
2.644378316333184653e-03
1.870634584978449200e-02
1.919502712985577883e-02
4.454205374857340624e-03
1.352043198771054992e-02
7.766262424296752585e-03
8.975681788524562596e-03
1.049290419183721620e-03
2.269336720505990210e-03
1.099415327914215340e-02
2.741204030343600152e-03
1.075523033110348248e-02
6.618584410884120837e-04
1.641624711238313938e-02
2.293430548049360182e-03
1.818628240696552531e-02
5.601267710272237778e-03
1.660162572263389202e-02
4.649773369928013843e-03
6.270969271115185359e-03
6.923552961082483914e-03
1.688985736645775074e-02
4.187932074741027716e-03
3.219492455316685844e-03
3.161469384640458593e-06
1.440165010567881140e-02
1.782073932870469057e-02
1.442617696675363437e-02
1.956485027899791673e-02
1.160248068823747057e-02
1.408506988916236741e-02
1.944635196897704851e-02
7.865740849354563649e-03
4.020353914269871563e-03
1.286836210930081097e-02
8.276499024733707365e-04
4.423821170989840866e-03
1.501730515762985177e-02
4.744206737760747403e-03
1.688423650098425219e-04
1.372346821504759687e-02
1.482291192534584794e-02
1.714358769611457750e-02
2.349074175043128904e-03
1.457482179398210398e-02
1.761729896698449940e-02
3.363977844100292033e-03
7.529814850406335320e-04
1.136083420914160008e-02
1.815708187399558277e-02
4.446943028649734571e-03
