2.634649019949202725e-02
1.396727835561076617e-02
7.569481447840109914e-03
7.921911591930435453e-03
3.421044858822994139e-02
1.470641958600487145e-02
3.496078834454938167e-02
1.637989732575175633e-02
8.085964380327643683e-03
1.473512082325943717e-02
1.669244285426110808e-02
3.921844246544234532e-03
3.645970862283348657e-02
3.178640802364587903e-02
3.727410342508093166e-02
2.079949465985506812e-02
1.644593068887938506e-02
2.528422312110747971e-02
1.744335021914971556e-02
2.772544592630311541e-02
2.178361397343608549e-02
1.000770035093759627e-02
1.087160704171684020e-02
1.330945319408644197e-02
1.474273962836790061e-02
5.781242730620465842e-03
3.166322573916189459e-02
3.518943700874456459e-02
3.201190767712557700e-02
9.415420358777732215e-03
1.545645699897811587e-02
1.748677828745033580e-02
2.229243163649452866e-02
9.658474868349857523e-03
1.944752796646035189e-02
4.204956023490997487e-03
3.211092197181631552e-02
2.801210831684228936e-02
1.277613574819706083e-02
1.921983188029633555e-02
2.326437034581583380e-02
2.323259033123512007e-02
3.225082078504552113e-02
1.327920698979566903e-02
2.311220026716487210e-03
1.129102328111370943e-02
2.453608909367586965e-02
2.154997945083904354e-02
2.986588074407424756e-02
2.467452081957356366e-02
3.828054792554305003e-02
3.475450861019304533e-02
7.461294115647332465e-04
1.160646000643832804e-02
2.277094063040806596e-02
2.480926326908143575e-02
1.977072700653001100e-02
2.783877337832962526e-02
3.877903498617270989e-02
3.940800678818814906e-02
3.980855458133475411e-02
3.641406662503753749e-02
1.573656071426870334e-02
2.613369931511249841e-02
3.975774500877701789e-02
2.687903236308773064e-02
7.570691760411696770e-04
8.811891048702821805e-03
2.717316589495099091e-02
1.488892378369224313e-02
1.013816818036346497e-02
2.349670503871883337e-02
2.493452862967079908e-02
3.913150825705211805e-02
3.078892363461278869e-02
2.150335514487273364e-02
3.775963371613836467e-02
8.124054735535546443e-04
3.912545150909994829e-02
1.164113155264018436e-02
1.339481452301005682e-02
6.484606246488690967e-03
6.481176302297515096e-03
7.263452888542918165e-03
3.192993861207758105e-02
1.879034456499628636e-02
1.062242785171411269e-02
3.094142138425502384e-02
3.695304261834197936e-03
3.118575962903958818e-02
3.169919162525789563e-02
1.504940995282454119e-02
1.041057388083726359e-02
8.428034267235763946e-03
3.871276654715096605e-02
3.005331434932009133e-02
2.985740763067172999e-03
3.393977753524599072e-02
2.202751042696476230e-02
3.722258071665376922e-02
1.878969592444479017e-02
6.442218194707382802e-04
1.375981874237340238e-02
7.585872393286163633e-03
3.563787937694272434e-02
9.732603299295096780e-03
2.258095250719840963e-02
1.747290302060077946e-02
3.183923969758922778e-02
3.088393276692534203e-02
2.818036731193014621e-02
3.300668714003194334e-03
1.660040450072144264e-02
2.682469449171134140e-02
1.921980014437862927e-02
3.210250989359750805e-03
4.453321898748527526e-03
9.111853094152411181e-03
7.160331739507035283e-03
3.493772814690455225e-02
2.950371616172275599e-02
2.625025398816319480e-02
5.912655769078911400e-04
1.237691842096678985e-02
3.810194992313321177e-02
1.993505130533750752e-02
2.222163513322000447e-02
2.582974194622430358e-02
7.271876959033782978e-03
3.019812119407226658e-02
1.329693800933001019e-02
8.024814222534537361e-04
3.273260906985761554e-02
2.127922781203108599e-02
8.444607279311613576e-03
2.392684390012520673e-02
2.415934450977747991e-02
3.677725281749245900e-02
3.164748233474208496e-03
3.649529394669164678e-02
1.518900380268212863e-02
2.694504502558691880e-02
5.054504177070473980e-04
1.774193146529437493e-02
4.797868195485146571e-03
3.568565582698665639e-02
2.623191190274698319e-03
3.378578914739602257e-02
7.319793134354153456e-03
2.179448806464507823e-02
1.734255291159809281e-02
3.127351834995092256e-02
5.870222766010493344e-03
3.978265086035437381e-02
2.308404560240902292e-02
9.677414602708767077e-03
2.866848551191809608e-03
1.024029840687675982e-02
1.027605694170350380e-02
7.735159616743963323e-03
9.015270618333102309e-03
1.716138026464211113e-03
2.103941576535146157e-02
1.211956024899899301e-02
3.729649326283124983e-02
3.117923197752663078e-02
6.151676262549425796e-03
2.619809991856240916e-02
1.919212745674619622e-02
1.948986355239551785e-02
1.211370469732298526e-02
3.787014743333639438e-02
3.197972620339042255e-02
6.729321464892983398e-03
1.378924702485920077e-02
3.515660827585394277e-02
3.871890742875747776e-02
3.848692450970939150e-02
2.644335414468753503e-02
3.190261838893755642e-02
1.831257025492344717e-02
3.423296875800007494e-02
3.954290021836712882e-02
2.063513734449483328e-02
3.049274543954056532e-02
3.982477882148937991e-03
3.865854244419076463e-02
3.244845412785981459e-02
5.207797387196486799e-03
2.211253698363513029e-02
3.729722121116731820e-02
3.701624702804860723e-02
1.792893435684872559e-04
2.459693341096675159e-02
1.383274324663529529e-02
2.264516961068268122e-02
1.168214321676553334e-02
3.140163004307302413e-02
2.407320868015533702e-02
2.409661280628326921e-02
1.551790218066573766e-02
1.280602880873732245e-02
3.552096154217813245e-02
2.452183523435984627e-02
3.378843511552749590e-02
1.388739007393211640e-03
2.866223330401371228e-02
2.581551257830796975e-02
3.329571829483237572e-02
5.175277982255695013e-03
8.429656260041600013e-03
9.606546379078241549e-03
2.441256615929080637e-02
3.627033037717173475e-02
1.097380348954581433e-02
1.726832165687565424e-02
3.968521018370863712e-02
3.278071386930606068e-02
3.604059172934914821e-03
2.939634395804746614e-02
2.856258510098626940e-02
2.617306065757174852e-02
2.078260252066772840e-02
1.008315706590859166e-02
2.458857843013978126e-02
3.075085329001150513e-03
2.995463605689106801e-02
3.383064527085780787e-02
9.398951714080219441e-03
3.709510363815347184e-02
1.309059551100914646e-02
2.764747997497254972e-02
3.174737165084177276e-02
2.364860341124559381e-02
1.866071318960680486e-02
1.070908689091113614e-02
2.988676485739599417e-02
2.783778731752246938e-02
2.486116188785299913e-02
4.143471046548672168e-03
1.642062246339655307e-02
2.082342943596317622e-02
1.978122708063754370e-02
3.383545327934667918e-02
9.317611625298210729e-03
2.024524911154929746e-02
2.492695964559846905e-02
1.525114540987042126e-02
2.965517994871520388e-02
3.914694313300379203e-02
2.497584965387106368e-03
3.369042205306661819e-02
7.101311068555128496e-03
3.268264610953997701e-02
2.356725259201412339e-04
2.059415334365344644e-02
2.022820682310801088e-02
2.654304099530516332e-03
1.559687157399172221e-02
4.153585996037301685e-03
3.045474023672437372e-02
4.442564405902859476e-02
6.733015935003458519e-02
7.248842566357918682e-02
8.907513369270170234e-02
5.508401652975577351e-02
2.049232337514596269e-02
-1.667954041764375256e-02
-9.403710968105476187e-02
-1.052982661624745353e-01
-7.919457580356276116e-02
-1.397638769970314249e-02
3.918559170878392617e-02
5.776540498502995974e-02
9.257106522050534414e-02
7.778116768091769551e-02
4.374290556575409494e-02
1.994914005411623642e-02
2.649506986189642879e-02
1.366866196827920717e-02
1.708289408681857788e-02
1.965885105578471428e-03
2.566619209961030698e-02
1.876280613777417741e-02
2.182452432333423231e-02
9.353246078245194134e-04
1.604288834923647475e-02
1.301710096704410298e-02
1.777286103701969031e-02
1.891776461052756958e-02
2.874348056101102915e-04
1.153054380819802834e-02
3.408927956507430690e-02
3.828665831982645817e-02
1.270824724249385376e-02
3.859560720814473461e-02
2.110113589192241703e-03
1.198796532005675687e-02
3.453570123656171664e-02
3.951822762646592380e-02
3.339458961899176986e-02
1.907453813609556736e-02
7.538140475048252069e-03
3.749225932903694353e-02
4.611786966806974203e-04
2.089249282527171070e-02
2.307852374321358799e-02
2.935368989322990896e-02
1.175883923668989521e-02
3.455646597399997244e-02
2.485636025278175135e-02
3.909353088311749019e-02
2.589762734306214759e-02
6.214222116325909123e-03
1.549453433825053773e-02
1.229031916451525826e-02
1.439268590383127426e-02
3.780535527263206852e-03
2.411075498223444469e-02
2.903327061579882157e-02
3.731773120153226292e-02
2.083628409316417088e-02
2.040816786785048988e-03
7.928935485493764784e-03
1.918469353256338841e-02
3.696198807940639236e-02
1.622744191945484429e-02
1.600685901515746384e-02
3.201671462588908529e-02
4.119457204680147810e-03
1.198616931838093237e-02
8.022817182499553459e-04
9.931195489753120303e-03
1.901883538929372095e-03
2.537483297094280527e-02
3.136621793231076510e-02
1.542470573275398502e-03
3.811981273891848487e-02
4.987512462286698006e-03
2.338913050838737837e-02
7.681992828664263627e-04
1.388023449641830878e-03
3.748540352059141073e-02
1.656785234688218367e-02
7.380390282253346257e-04
3.025466483712545632e-02
4.466575847511009695e-03
2.641955410650362324e-02
3.680736917209715547e-02
3.661736880411901873e-02
6.846349680016983533e-03
1.621286295291583801e-02
7.927299372545819345e-03
1.583816594651166199e-02
3.616678529972675027e-02
3.200808981874659481e-02
2.854713922372518250e-03
1.684785804902276529e-02
1.866059463128211336e-04
7.434400123273787742e-03
1.883933225940116751e-02
7.931849241996791894e-03
1.714502312056307917e-02
1.290386227991246158e-02
2.401148429550799268e-02
2.220009991931206662e-03
3.354694345261157590e-02
2.592298421154198493e-02
1.233297667825210449e-03
2.596753647859854214e-02
2.200079996412421940e-02
2.490055855487284878e-02
7.012670031997400751e-03
3.464969074226603024e-02
7.216768823813514942e-03
7.822457673490053331e-03
2.653498984647440287e-02
4.336717183349332594e-03
3.868611288848065877e-02
5.367743634698709729e-03
3.663901882012288169e-02
1.001930490059385268e-02
3.725232984028596650e-02
3.905275275588105006e-03
2.340416361364809975e-02
2.286894301194086418e-02
3.462042818754898499e-02
3.871579088108287325e-02
3.055099305275123592e-02
3.232185443929237040e-02
2.551600322702383961e-02
2.166892783570682768e-02
2.505328003445510265e-02
1.365971310815806972e-02
2.158408388497526365e-02
3.972120437777031110e-02
1.480564301065164998e-02
2.268594177476499288e-03
2.631299247932624569e-02
2.236933392518072883e-02
8.809874425002632570e-03
1.532477046157928666e-02
2.407105437571962700e-02
3.469780552622052372e-02
9.053002980452697426e-03
2.534809225215330086e-02
7.815607064543667742e-03
2.509749095334347022e-02
2.554823770180799855e-02
3.809138408032102137e-03
1.161409662694121766e-03
2.231847576431506691e-02
2.515999675078218686e-02
3.599609830794379267e-02
4.226658644831932966e-03
2.782698283169453279e-02
1.025159030794685344e-02
3.303343059401627618e-02
5.909165305419908192e-03
1.181771723892222938e-02
7.738460902608625819e-03
1.592208727845538735e-03
6.110900807817043132e-03
3.123267016362531873e-02
8.948803779425569191e-03
9.249231889542110230e-03
6.756324657254069062e-03
2.483200402127876127e-02
2.650961272598614110e-02
2.042450101536723642e-02
3.565136948190303356e-02
2.580845267728983441e-02
7.743728372219571858e-04
1.249577833381033433e-02
1.017199100675438873e-02
2.995177209710339628e-02
1.298891800663409639e-02
1.338092358767448316e-02
1.447457143527254055e-02
5.383607664791991744e-03
1.717832895778874380e-02
3.922731653558333281e-02
3.250269875327901209e-02
3.920265693654185341e-02
3.292516851135172951e-02
3.831855751003189481e-02
5.501473910002001484e-03
1.714927552977731431e-02
3.252904144491822191e-02
6.344109469002528340e-03
3.760224876603891070e-02
2.339943098740553205e-03
3.599236322798549798e-02
2.203984625212693227e-02
1.315124488899499478e-04
3.230807453658444267e-02
3.079616989159113249e-02
2.302801737328051546e-02
1.826823041783496443e-02
2.026834156628697092e-02
1.829196558472656609e-02
1.660188860462678134e-02
1.449416599061540550e-02
1.619098493375603631e-03
8.339922908079798469e-03
2.990500733604078282e-02
4.393483375991946889e-04
1.067603417115773126e-02
2.026076944257986390e-03
2.424079695991139538e-02
8.796365251535837732e-03
3.460877417660474659e-02
7.515841456483274025e-04
3.261217488897120986e-02
9.842401130748364146e-03
3.275051125236624894e-02
3.577808140575459983e-02
1.606942899469810879e-02
2.555524840691754396e-02
9.078283675539729550e-03
8.238179868408633186e-03
6.895522860269469659e-03
3.173837075147553644e-02
1.098682133271636913e-02
1.989829033884691831e-02
2.717294407610061635e-02
8.941757426929375363e-03
4.154139482520782280e-03
1.534116975085219291e-02
3.571315266522685772e-02
1.988644417158519015e-02
2.930324894247705522e-02
3.124360919999459238e-02
1.878186896138919412e-02
1.234038879490098953e-02
1.950460530300146891e-02
8.245678564757863514e-04
9.558292554522750117e-03
5.377284371479258349e-03
1.746456518655951223e-02
3.789888119361500829e-02
2.712271126233864113e-02
2.364288596244663171e-02
1.761564187131016423e-02
8.870997095273738808e-03
3.989810039619241799e-02
7.093882940335555654e-05
3.013061040530656820e-02
2.115760758855552912e-02
6.734552381028509511e-03
3.187922605035911280e-03
1.941105799111369698e-02
3.943871003053935065e-02
6.004531092171146861e-02
4.224429372945109895e-02
3.392672831163826008e-02
1.387188880555678509e-02
-9.842174691466597930e-03
-3.487953446778926242e-02
-4.429573624940486010e-02
-1.736041793740407402e-02
-1.088282888178062138e-02
2.641122811704879614e-02
5.507679968545867166e-02
3.628783633131837938e-02
4.338210007103539267e-02
4.301497344265813039e-02
2.290588876920004666e-02
3.552741051760584939e-02
1.855973746073077621e-02
3.895778464073285791e-02
1.881078126670161083e-02
2.335753613091011427e-02
2.256703032672648102e-03
2.212150220642174203e-02
3.386600718723588310e-02
3.399756556821279061e-03
5.438591535691768286e-03
2.513064753304089863e-02
7.326442691332812895e-03
-2.756094000211804264e-03
-1.027397666245331159e-02
-1.409373597251789914e-02
-2.837239085652435225e-02
-2.779310508512203293e-02
-7.621041179331392024e-03
-4.720191851915269549e-03
5.370892566715924910e-02
1.201110479255148022e-01
1.302673597690007512e-01
1.330624446693771668e-01
5.342614161941471734e-02
-1.585395002662418756e-03
-4.494345597375424411e-02
-1.798821763616494790e-02
-4.579510018375532177e-02
6.099373566786803202e-03
1.011020426926428906e-02
2.946730536939672768e-02
2.140913424029617165e-02
1.264596771533769461e-02
1.903576251415273202e-02
3.101641874157077053e-02
7.253318080393458302e-03
2.255975567386932917e-02
5.942226161587261905e-03
2.482269389955865310e-02
2.216582230762284209e-02
2.937161834005682162e-02
2.799945866364114688e-02
1.937835179694782223e-02
4.609810753638954837e-03
3.669754213806620396e-02
1.067569067209007960e-02
2.331875521429602194e-02
2.956673993559008271e-02
1.399572422950031911e-02
2.668118136046540925e-02
1.064246619133612203e-02
3.178259574177693531e-02
1.040365974720073444e-02
2.766908353137599239e-02
3.564526769534076545e-02
2.648994410410716871e-02
2.760257789768199091e-02
1.170359305957060884e-02
1.431014316474730694e-02
1.455553549017541727e-02
3.508224353353770614e-03
3.236693095195702918e-02
1.373980181660022087e-02
8.454759270391560763e-03
2.853707140407500328e-02
2.485325051530247117e-03
1.695460176840900626e-02
1.089897264346317883e-03
1.679959834289809772e-02
3.422986245126054955e-02
1.086816932612923170e-02
1.250682829767276946e-02
5.841063942944027185e-03
3.604327440826356893e-02
3.786732465336496017e-02
2.499031883666198717e-02
2.940094098037422665e-02
3.816226233237332566e-02
3.751666004157982320e-02
3.788449411697458746e-02
1.466079574316221310e-02
4.405732084297228797e-03
4.421173993821034612e-03
3.459586684224516540e-02
1.790360572254712582e-02
1.639617186128927359e-02
8.526956596844770253e-03
2.574901636069484162e-02
1.906253079397781519e-02
2.603980407621545728e-02
3.163908925624561025e-02
3.915373050728634258e-02
1.369174519890566794e-02
2.767727774480990399e-03
2.211895093855592923e-02
2.842114314965505859e-02
2.730551679072006077e-02
1.640487377691224671e-02
2.816966313255487783e-02
2.040678017512942075e-02
8.392927145433057637e-03
1.891377425748592966e-02
3.060504405693210972e-02
2.635273601310896951e-03
1.548639300087561489e-02
1.290737354911029866e-02
5.485817131176395738e-03
2.106827287087150585e-02
3.114817241394249314e-02
4.886007876599989148e-03
2.803140063201500082e-02
5.402100153810973898e-04
1.597201490161123325e-02
3.545062020897273708e-02
3.878628908099672479e-02
2.073794243357344330e-02
3.679660236183626004e-02
1.449454117165731521e-03
9.726658933767517307e-03
3.774148806895485236e-02
2.668498682693271409e-02
1.887075648011772924e-02
1.406338384170328221e-02
1.845591855352917907e-02
2.276662118609132368e-02
7.535684938393600631e-03
3.974351308137939742e-02
7.391856173976649527e-03
1.992048412441298211e-02
2.264801283965018133e-02
2.632071881593074647e-02
2.691815646902280187e-03
3.926065644957130868e-02
1.755713427601890766e-02
5.071966060973629592e-03
1.367711232338297931e-04
9.897819921623546985e-03
2.893306067884485883e-02
2.054033721688015846e-02
2.394342405836875909e-02
1.986508711935219482e-02
3.260196257350470722e-02
1.199356515107246994e-02
2.909719060135845456e-02
7.251014689319692542e-03
9.423912961636223343e-03
2.219467589298073154e-02
2.799582648232499388e-02
4.313494339935930282e-03
4.799992014290230778e-03
1.968187451723553069e-02
1.646150899714270491e-02
2.679144231367227430e-02
2.838586913232233125e-02
2.602235689136138744e-02
3.963909915726181177e-02
3.182122455712223241e-02
3.465721746762581018e-02
4.855046107677449437e-03
6.657885499537257584e-03
8.382825788248272209e-03
2.692956555792238443e-03
4.128535877721923805e-03
5.932773388985923893e-03
3.688313513767295382e-02
3.142326946821661499e-02
3.818053061482401533e-02
2.481846495517640860e-02
1.103849432343677155e-02
9.188117987039850013e-03
1.508436426576792271e-02
1.860700891329880244e-02
3.005086983349253976e-02
2.602823241582910563e-02
1.246322351784009616e-02
1.798214558512688244e-02
8.203852006346218015e-03
1.357236209874135291e-02
8.143348420531926896e-03
2.817672818617192321e-02
3.535365490965969304e-02
2.844493477455673977e-03
3.890867929717611168e-02
9.937373238311231205e-05
1.430129040033113232e-02
3.921111097725031580e-02
2.939601425167124443e-02
1.256259634696049558e-02
3.991788441233081602e-02
5.116422699912659758e-04
1.034781405407605819e-02
2.902476692353078008e-02
9.468863236994687002e-03
2.241710728827953775e-02
9.943421907095429182e-03
2.338963890208147281e-02
7.768416253802330057e-03
6.424812718507859344e-03
3.805250631384514415e-02
1.940183513268791196e-02
7.010885737274375135e-05
1.269480321369067556e-02
1.244021279385819877e-02
3.755547518248355393e-02
6.743594617524046979e-03
2.276903903652736927e-02
1.273565269721735164e-02
6.835422751411699208e-03
2.983065812352544977e-02
2.107921798563047386e-02
3.627976061314748535e-02
2.344624917698153940e-02
3.020821245054551574e-02
3.611974912811449084e-02
2.775583520153400777e-02
2.404863288877977234e-02
1.689931036537005785e-02
3.576668305026406425e-02
1.534175294503315780e-02
3.213053533134327400e-02
1.139735984237913793e-02
2.243922560725424703e-02
1.448277768608929005e-02
2.741485791057028318e-02
2.576527989568621127e-02
2.202168092452385512e-02
3.778305109727977257e-02
1.991751204859224661e-02
8.586995663176595281e-03
3.528959738471498103e-02
1.489837537601709783e-02
-1.906991909765641752e-03
1.337000375778462508e-02
3.371278317930782517e-03
-9.294714684383868081e-03
1.478019870355687382e-03
-2.366213641682731600e-02
-3.294525708801044478e-02
-2.066491113222275466e-03
6.550888619483641317e-02
1.096290273868548854e-01
1.317857909944958050e-01
1.105689552655714503e-01
6.843920412129612940e-02
3.021361168235783129e-02
-1.895393479328576908e-02
-1.671275681838998994e-02
-1.598521929701040081e-02
-1.941834021754188649e-03
-6.219284698298140068e-03
2.943543875815118893e-02
2.223851971342062292e-02
2.013877591315128487e-02
8.483510561874149300e-03
3.798317078002452774e-02
1.895144842403791510e-02
9.301266524673505037e-03
2.545058782997765626e-02
3.850924450876549564e-04
2.875852926842086335e-02
3.426473016415476636e-02
2.352582282529265545e-02
9.846375023355061033e-04
4.847719449240076896e-03
3.748405974970717841e-02
3.692098668726782711e-03
1.183986582297239659e-03
6.364118191589264624e-03
3.247741730322901282e-02
2.855047381286656208e-02
3.317317009021432395e-02
2.918808691371928277e-02
1.572350198475887251e-02
3.923346709531132237e-02
9.645862675518111773e-03
2.005518066046088968e-02
2.158217439057124459e-02
1.892871100599231599e-03
1.751297813838124939e-02
3.591302013596318204e-02
3.641275515820299735e-02
3.242947840140142368e-02
2.376977944526970435e-02
9.891029415271814298e-03
1.634840633126335291e-02
9.907288050269075566e-03
9.076304993885569647e-03
1.488326693939123714e-03
8.966641472351741943e-03
3.828232509778148329e-02
1.364555913172457377e-02
1.816823662498711148e-02
6.089292745533727257e-03
2.372690570225366793e-02
2.544429907503822919e-02
2.952768150500403518e-02
8.505567605927381522e-03
1.428534040348166181e-02
3.468559424560990756e-02
6.888022376209574499e-03
2.644353747197425442e-02
7.496906208691784569e-03
3.358718475445839069e-02
3.341443719738074192e-02
2.820425931634477999e-03
1.640499118725356753e-02
1.022446023325618292e-02
2.109692672809802133e-02
2.856671999911064574e-02
3.990820938627823167e-02
3.512091028818662558e-02
1.982306590207934260e-02
1.296648078817641547e-02
4.065523560811788208e-03
1.267483737932464764e-02
8.860255536474509822e-03
3.961529028773266153e-02
1.273488099989724884e-02
1.630331840816950581e-02
2.342163967191477833e-02
3.807837963540052634e-02
3.384680113236870989e-03
2.396236660785081019e-02
2.473553453995824738e-03
3.030513872810465525e-02
6.098428194306113222e-03
5.451147502407996219e-03
2.709060488144694745e-02
2.309058451088730288e-03
3.990091852671037720e-02
2.552029823922727370e-02
2.471835725277312865e-02
3.632040650047080321e-02
1.424765271865342450e-02
6.584661705163310889e-03
2.165223659840417522e-02
3.590664463811861235e-03
1.649451773530041798e-03
4.637222006340251113e-03
6.199299655837982141e-03
1.653964715139197988e-02
3.970013423494830190e-02
3.181632019129607136e-02
7.791845590144674816e-03
3.791409948276729114e-02
3.856985584457425786e-02
3.758783140340342388e-02
1.758146746542556260e-02
3.885668305402180389e-02
3.889604564487646882e-02
2.372312181575037676e-02
1.606710653420652737e-02
2.945529609305407026e-02
3.379997829080486765e-02
2.945307381487762693e-03
3.549511978479256979e-02
2.779816977490137068e-03
4.649612723133835814e-03
3.215778761445960143e-02
3.204363379200920320e-02
2.458748604454863429e-02
1.483034154354610779e-02
3.758188647326080045e-02
1.410708504765341605e-02
3.193073016507166212e-02
7.707629487353608554e-03
1.648450766450232710e-02
3.748014730682704826e-02
2.689589813808145047e-02
2.055907715124171212e-02
1.772870218829883382e-02
1.353226825299364174e-02
3.725832072636164893e-02
2.632636051089552731e-02
2.526301400354760002e-02
2.517494953867524185e-02
3.645735220235923890e-02
5.156151783531189026e-03
3.689971014013530143e-02
3.925451524903644102e-02
2.599793924977833806e-02
1.480514994643121127e-02
3.024197819382672819e-02
2.939284879679291904e-02
6.907608812500041183e-03
4.468460932948934740e-03
2.450807502562463505e-02
1.995198293655453189e-02
2.844369420214944849e-02
3.683718431228868301e-02
2.129928329913252302e-02
2.851557368360237935e-03
7.879373177628434810e-03
1.086982123232211814e-02
2.603328609258256585e-02
3.086286804103060069e-02
1.842660088367281332e-02
3.996938879728142296e-02
3.579090219256712141e-02
2.383086257886453049e-02
3.349270896444792034e-02
1.514850734535779300e-02
1.860131638135222032e-02
1.907521613158620621e-02
7.595803841526773542e-03
2.860922305971136739e-02
2.090571787980159690e-02
3.557830846746272424e-02
3.380221629468829064e-02
3.010095305051049483e-02
1.750504415593885296e-02
8.291372559850924279e-03
5.300117886328647868e-04
1.598986174883544609e-02
9.128774325411447010e-03
1.220801298175242487e-02
2.750439067868916052e-02
8.546586691867731622e-03
6.947432924314802562e-03
2.236859663785706678e-02
3.319599379845831338e-02
2.476176368137514294e-02
2.567177581601667175e-02
3.976742080290034120e-02
3.231892479166784127e-02
1.969791000626562594e-02
3.562399100721783118e-02
7.954258495400984633e-03
2.987003768403912601e-02
6.085076191910734726e-03
2.922420872548401813e-02
3.536533246492472304e-02
2.169172326016484062e-02
2.954299948222694275e-02
2.895656399319403163e-02
2.114440378117157793e-02
3.700942020137529959e-02
8.391084390385961447e-03
5.623323668527793404e-03
2.554044117354657348e-02
1.121516111880360711e-02
3.200681198644637904e-02
9.118198310397169007e-03
3.734282342979440561e-02
2.365248811257103512e-03
3.218888995267481928e-02
1.145606563878516677e-02
9.871634679592303230e-03
3.370384869482064005e-02
1.851310781711695483e-02
1.241939392174297788e-02
1.454530430806177076e-02
8.553659622722777772e-03
2.622744860372450137e-02
3.592017282504415127e-02
1.284228510743641236e-02
3.306778922889908284e-04
5.471418394443032518e-03
1.491139531323013197e-02
3.583476619508392438e-03
3.368065631843288749e-02
3.091625802347669830e-02
3.559441328099922225e-02
7.958562990078793878e-03
1.178731800707120102e-02
3.785916108477879044e-02
2.588565541400260350e-02
3.684876139763559183e-02
3.782332411405352895e-02
9.519154617345941885e-03
1.249531734840161282e-03
3.931530001766678911e-02
