1.739901362613456570e-02
2.462661758068207182e-02
2.099962119653188755e-02
4.398808254475219254e-03
1.586583423889361896e-02
1.738643834529826279e-02
1.241138217045747484e-02
3.759229891266402369e-04
1.607807728088408300e-02
5.130838587446327238e-03
1.170650926974440079e-02
3.995433994331981653e-02
1.492214820184775345e-02
3.378056823899740213e-02
1.480448455189100135e-02
1.408793841676653398e-02
5.252320293794889884e-03
2.927410951649337539e-02
3.111761392685596928e-02
2.234857138236298613e-02
3.480909068377563420e-02
6.577850537027272147e-03
2.150403015374912144e-02
3.698398853380485685e-02
2.205596724688044935e-02
2.942939733142992467e-02
5.297130907859037667e-03
1.591984580522815690e-02
1.093245163350349200e-02
1.257116701586864435e-02
3.551770067404227266e-03
1.093953318198882287e-02
3.783970009471369217e-02
3.985625773435460401e-02
3.489374538008396115e-02
3.823500205061917956e-02
3.223647522383911446e-02
2.024630082806022982e-02
1.097831686385911804e-02
1.215550629820896312e-03
5.815444393744320477e-03
2.965646363930726781e-02
4.650482039521524127e-03
3.496598128405947054e-02
1.431696175153645417e-02
6.542471557900641707e-03
2.456673644721546132e-02
3.797773942907745753e-02
1.434170730466808284e-02
2.371877122404471294e-02
3.838899227768256123e-02
3.729670868272875334e-02
1.727362255489234971e-02
2.344730885301219217e-02
3.135759030858322610e-02
7.904990836312552824e-03
1.602340233411848891e-02
1.342844562167501421e-02
6.892289012073850828e-03
3.422741376052225361e-03
2.929343169957649221e-02
3.389050089024758794e-02
3.863876558235266202e-03
3.012781171603235927e-03
2.483350711092190133e-02
3.473302577917962430e-02
1.576497641590659041e-02
1.319679831096750439e-02
7.988739735642416684e-03
3.829646194063605208e-02
1.314302998590866946e-02
2.623265801103337805e-02
1.190151062553617550e-02
8.546645673486542860e-03
3.695088230482677927e-02
2.597704244881215985e-02
1.996414954034668714e-03
3.370227909445433403e-03
3.469971241933901551e-02
2.968237360041856704e-02
2.938233106910868517e-02
3.391450478427597559e-02
1.301742488492040051e-02
3.392836174728355164e-02
6.637940005187457394e-03
3.280561274131127414e-02
1.063921882867339269e-02
1.170368958899852679e-02
2.557675512136606266e-02
3.428408192267772686e-02
3.453331066263706089e-02
1.909978859641942722e-02
4.103520029346751849e-03
1.051016490683973591e-02
5.387184498056703241e-03
2.574927164540056351e-02
3.845736050652614904e-04
2.627755623202296040e-02
1.087877285687685255e-02
9.447619177619954317e-03
1.600658749521494464e-02
5.530570469216847078e-03
3.332698339760637590e-02
3.564972285077429998e-02
3.072951532269398850e-02
1.469812628534095632e-02
1.126586452839411882e-02
2.734813792113974934e-02
4.428024910023915621e-03
3.417501067800341602e-02
2.917216520203862878e-02
1.248166879765112182e-02
9.951548048478135733e-03
2.107628217624968325e-02
1.319812273596301759e-02
2.502703685260318153e-02
3.732436934778532445e-02
1.775943043494278284e-02
2.876516736382180722e-02
2.554782558525166974e-02
2.650711921095174565e-03
3.227154565017815308e-02
2.521026540900082880e-02
2.346647438094067242e-02
1.534353859601387746e-02
3.367685661774710848e-02
1.529313439847062965e-02
2.923032995072299620e-02
1.042659356272001257e-02
1.163081714645590285e-02
3.981245111324885344e-02
2.001024344063985841e-02
3.506570806870032420e-02
7.150287482224380181e-03
3.390801162348458173e-03
8.675874253470005487e-03
3.601948414870737025e-02
1.731938297786595003e-04
1.505709422601833082e-02
1.018904515851242615e-02
3.992914239914889529e-02
2.010983822035560323e-02
3.698272691321404654e-02
3.292908189878613473e-02
1.385563542667957171e-02
2.214282426817594171e-02
9.017830257400914068e-03
2.097344500794226952e-03
3.522933633394827180e-02
2.059562027432283726e-02
3.783269965294082382e-02
2.228834004401929539e-02
2.334739682362775223e-02
1.522874538949908936e-02
4.058316111204680193e-03
5.580517726964710767e-03
1.071960622460270667e-03
2.681362004436722499e-02
3.711365989507357799e-02
3.375606542061989485e-02
1.386615102983681895e-02
3.147407246050884511e-02
1.797702691179790032e-03
3.844121410208509865e-02
3.616132426212436551e-02
5.646424345669860505e-03
3.751053070741004053e-02
2.429544824049706744e-02
2.779071004480603013e-02
3.056717710195238497e-02
1.515644436176255549e-02
1.227094372810490566e-02
3.535939425697161992e-02
3.988216376948858222e-02
1.051968569876338133e-02
3.623306818163989779e-02
2.575525705697747497e-02
3.373859207225539392e-02
1.204544039728012300e-02
3.334046485903280344e-02
1.960689157619853809e-02
7.145503097769130563e-03
2.980231799190836625e-02
3.019952110312431465e-02
2.778388403360256345e-02
2.383558518898999667e-02
4.883659662100124123e-03
1.796816140506626511e-02
3.251342268939096114e-02
2.451541605560917172e-02
3.226081923458702649e-02
3.060954982049216705e-02
2.122675578455359563e-02
5.710035014062930965e-03
2.080021706598213574e-02
3.594099398389764832e-02
6.326058980276605404e-03
2.328062735089712204e-02
3.836527054852822863e-04
1.355297933868965070e-02
2.983034479162406660e-02
3.929686218432437012e-02
1.426933364795117225e-02
2.917472703024694136e-02
3.606842594966148691e-03
3.969397237610227530e-02
7.373728802571259851e-03
8.463693586221565646e-03
3.150904481967095605e-02
2.387979642014337323e-02
2.376363004921545549e-02
1.701481748815440037e-02
8.988798746266147069e-03
3.445359954886510843e-03
1.597734531164389776e-03
7.358888408510963833e-03
3.179790647403826082e-02
3.440503801672017969e-02
2.076741142760391706e-02
7.212312725069036732e-04
5.131167427743638966e-03
3.407895237877659605e-02
9.010455337626765851e-04
2.188032759035861419e-02
1.297374615060983491e-02
3.160046001770426549e-02
3.797325018817301889e-02
1.289682154132281051e-03
1.686165183517891741e-02
3.567349956851811887e-02
1.850441822736184974e-02
7.070971194746102605e-03
1.491972585799709178e-02
3.531351478955464113e-02
5.019531650732260430e-03
1.419851080603859624e-02
1.414811595791994753e-02
1.599438115687646170e-02
3.317848976289984597e-02
2.506543597626489234e-02
1.255680520960722989e-02
3.672519930283971862e-02
1.891710746887411559e-02
3.292888745701434694e-02
2.301787674039998399e-02
2.656133097240884894e-02
7.250279843676738813e-03
2.477216109825859311e-02
8.386473238524870186e-03
2.586471004306228547e-02
2.971005665990270050e-02
3.438048715284069273e-02
3.584755273806088799e-02
1.627654150861942983e-02
2.454682042456020688e-02
1.505108416979891728e-02
2.893085506996858139e-02
2.720844030395090304e-02
1.813583251230172638e-02
2.908103105190915430e-02
1.026682998163354343e-02
5.207767498927792782e-02
5.541754029830395223e-02
6.074914034658128459e-02
7.405735597004066417e-02
7.295341417060405287e-02
3.057390591932127033e-02
-3.581831244290658439e-02
-9.525104703717145183e-02
-1.249037678411974855e-01
-8.437188943302706412e-02
-2.920083230603875285e-02
2.966973361333750947e-02
6.219517152033143814e-02
6.456638716713054837e-02
7.933667102688320150e-02
4.269372411038156040e-02
2.211094306679700638e-02
2.090210002368425232e-02
2.626413577384166531e-02
3.942029367033621223e-02
1.268284623959397769e-02
1.320226771720271232e-02
1.809435914535940937e-02
3.605126304803730163e-03
1.642615628847823145e-04
3.635666214015156883e-02
4.650290262387591321e-03
6.408648024386468835e-03
2.998886415251921997e-02
4.172940107070322209e-03
1.731150548084750204e-02
1.577570037894124311e-02
1.769649016483179974e-02
2.376211443720670224e-02
3.695484707527481316e-02
3.828671366908305285e-02
1.557800371257399286e-02
1.195197493707440134e-02
1.608482884236118668e-02
3.771850857764809037e-03
1.143841983329061882e-02
3.686586988551807109e-02
1.973602148636715778e-02
3.869325147871535003e-02
2.769534134569806572e-02
3.484958224518915765e-02
2.984492571290053506e-02
2.512246659836769869e-02
3.033299013398925437e-02
2.242323960057631543e-02
2.552399939863750356e-02
2.163842673401426484e-02
3.578336461091526782e-02
3.921333151173959919e-02
1.432255689773926852e-02
1.913294602463070510e-02
8.485435598557527700e-03
7.419492550594193256e-03
1.748731705528637492e-02
3.946199526240189853e-02
9.153466882372299218e-03
3.237959516553123949e-03
2.378186762427093870e-02
2.691369001808819814e-02
3.806211261738563431e-03
3.251711244390387279e-02
1.219886933927613257e-02
4.494497430514190345e-03
3.476536058865783985e-02
3.386517165826957027e-02
1.158455769312970174e-02
3.056141906380705278e-02
2.335782157657153441e-02
1.785045671330600520e-02
1.213307928389319168e-02
2.624361837939606125e-03
2.860310799460436329e-02
3.755871886595882336e-02
2.897856159426258349e-02
2.549068688760509557e-02
2.823149202220105736e-02
1.561161903205210422e-04
2.258440039678174388e-02
2.071834913658344990e-02
3.652560822394534945e-02
3.453974150566905404e-02
1.002013425023539316e-02
3.536556955069093677e-02
2.534439229972988705e-02
1.684309961544241258e-02
3.658613955551975189e-02
2.285821446748192987e-02
4.247435901628193798e-04
9.634416261317411967e-03
7.475161789783353432e-03
3.274478993672055166e-02
2.481712794781297526e-02
9.810723398746513599e-04
5.264545730486371727e-03
5.419952701241573072e-03
8.997791967711190469e-03
8.082161724163521715e-03
2.463840996849290393e-02
9.886913646958338242e-03
1.025059541892608256e-02
8.227031544849392267e-03
2.250683317436758674e-02
2.405808826968112643e-02
1.480247927556817972e-02
1.129190789280403243e-02
3.354316393131000391e-03
2.214585665781967222e-02
1.694431067467686361e-02
2.349322484874066114e-02
1.653321473310155262e-02
2.783663535587531379e-02
3.624775224237801463e-02
1.712598041685491762e-02
3.294929344227610218e-02
1.027894253097600026e-02
3.987557422449800049e-02
3.635677544863150784e-02
1.727134538666883976e-02
3.115583864542948930e-02
2.774431207335524563e-02
5.757598150204086204e-03
3.711106277891920019e-03
2.323085704684960118e-02
1.851945239655997805e-02
3.984388554365626833e-02
1.416198134497867120e-02
6.988161812142217738e-03
8.779589289519988682e-03
3.577742707570853026e-02
3.095647714200790851e-02
1.422775494483191454e-02
1.780081986527524626e-02
2.287318086055745159e-02
3.676996041830030149e-02
1.085483594312610690e-02
3.125988156835309006e-02
9.181939980935117929e-03
1.239233650052947062e-02
3.548886284764161264e-02
2.772706084043035160e-02
3.282393350219095507e-02
3.144141311898818181e-02
3.642534264089604401e-02
1.733348350282510903e-03
7.282221279627654328e-04
2.941976755293908979e-02
1.411645077799907055e-02
1.020106467487198916e-02
2.452916961682956309e-02
2.889860586224997103e-03
3.290893763257005805e-03
1.862713509885388294e-02
1.951543268950919896e-02
2.901719608344750442e-02
2.422467859977544061e-02
3.019185067381238013e-02
1.714201531675525400e-02
9.039694618256505915e-03
6.098714017490007577e-03
1.929941661143731377e-02
1.447737281826196737e-02
1.075270311524548911e-02
1.625770086246068960e-02
8.237505843724473101e-03
9.940507828297780527e-03
1.455711229641926813e-02
1.743519631957135552e-02
1.647568409885982743e-02
1.156527415385836394e-02
2.957823587621721470e-02
2.568355013235579330e-03
3.993628702777663603e-02
1.078105861836449117e-02
3.357563928937752629e-02
1.405762768897302409e-02
1.822316965931422214e-02
3.265544870326715643e-02
2.018628574502560197e-02
3.297886912700638551e-02
3.884149979510978512e-02
4.446660690855352809e-03
2.294533320059425133e-02
2.123737907672358302e-02
3.921364197922905942e-02
1.189320714142122308e-02
1.266128596089654244e-02
1.054168604094774496e-02
2.123499851213632786e-02
3.054831697744476646e-02
4.210404377142516058e-03
9.182725272631536359e-03
8.622806371297607464e-03
5.150139061270042916e-05
8.594957631317696328e-03
3.161027768493405998e-02
7.856819090528426031e-03
1.449485749445109280e-02
1.291296847051676827e-02
2.242263631116565153e-02
6.894003997026168333e-03
2.474817527124988786e-02
9.056872183389495096e-03
1.199017215128379138e-02
3.666000190576355899e-02
9.080683548397194826e-03
1.240909362394638192e-02
3.788257496423203669e-02
7.656731323732834764e-04
2.970851854072842357e-02
2.635862842223138727e-02
1.681810868257519256e-02
3.580090880789243285e-02
1.686384522415131093e-02
2.914939216734654601e-02
2.497243489361979096e-02
1.731431917210362811e-02
2.259377214546700111e-02
3.731568917059489149e-02
3.400127357810954487e-02
2.190907843306266409e-02
1.202238988448229434e-02
2.867260393406120128e-02
5.386690150865094256e-03
3.534023026378450057e-03
8.659952930400125273e-03
6.597945691670731999e-03
3.300312995255946097e-02
1.153301487966322363e-02
3.207960771246622794e-02
2.125778845483341367e-03
2.349149986906371584e-02
7.000978387259437774e-03
1.913841766769905925e-03
3.068933191353808917e-03
3.189916255753348640e-02
1.370253674259057537e-02
1.861488660454702418e-02
1.705806546449860003e-02
3.077768376153600799e-02
3.577807961012193644e-02
6.466790585798897276e-03
2.231979677957224295e-02
2.177712205926137998e-02
3.946850182467950829e-02
3.384373591725459152e-02
2.495764841622847077e-02
4.643112728344159224e-02
3.194617200455165951e-02
4.205698304515350511e-02
4.334127309142665752e-02
1.394647834643837278e-02
-3.137833974098112183e-02
-3.813734049375814422e-02
-5.448299894911014241e-02
-5.802223655518043421e-02
1.233094965269465604e-03
3.768007764925732778e-02
5.025989243720048461e-02
7.257252992079765708e-02
3.500820967850323817e-02
4.924293618147788237e-02
2.619165940185684549e-02
1.368916413555118505e-02
4.149463964390544268e-02
2.042058516140615732e-02
1.655838052860995196e-02
3.445018485019520765e-02
4.833246337606057937e-03
6.266923749448006890e-03
3.116451675123540349e-02
2.194801101685078804e-02
3.375200621478014612e-02
2.835355050678845662e-02
3.156090255972200664e-02
1.202835114128056847e-02
1.104555520311242128e-02
-3.521815228253587227e-03
-3.959877113158433853e-02
-4.071144717896520160e-02
-2.918272735572699159e-02
-1.451028172240629785e-03
8.043311159922349185e-02
1.485524310949703775e-01
1.664189108876620304e-01
1.314151244319226308e-01
6.964242511617940723e-02
2.377987777023974486e-03
-5.058130138772393147e-02
-6.620888789022318088e-02
-5.247621991234020095e-02
-1.903016007247211941e-02
-2.685360503753377037e-03
-3.727369644853695090e-03
4.649789716411051668e-03
2.492248414187587038e-02
2.848568990875079490e-02
1.785207704049878580e-02
5.688221755806007439e-03
2.523319836012923728e-02
2.153459544693404198e-02
8.143099960406401105e-03
6.572706192783982562e-03
1.750240416516778488e-02
1.904846465708930070e-02
2.280165667998993242e-02
1.694664108532985616e-02
1.202592232762168985e-02
3.635724449954645665e-02
2.204461612997519679e-02
3.090291026841925776e-02
3.325798276914034013e-02
2.774356256778571367e-02
2.476636631201226124e-02
3.845665819787641437e-02
9.630501619553130666e-03
3.573089288639485356e-02
3.512051941345729900e-02
2.315171531404791594e-02
1.397927128631797772e-02
3.025048803250551810e-02
2.868497084040576295e-02
3.690536038971393984e-02
1.621366863768787525e-02
3.590122256472563778e-02
3.621124587959133334e-02
3.590952270697952975e-02
3.875547443225858812e-02
1.099595012940696864e-02
2.409842505556976031e-02
1.305871818017434981e-02
1.726517291983050567e-02
7.049644489031110621e-03
2.564168476327620058e-02
3.515254247818584005e-02
3.328117066171730476e-02
1.798629414188207890e-02
1.489831097358352251e-02
3.491149705682982524e-02
2.554601567021266145e-02
3.742738693345079928e-03
1.229798911940815920e-02
5.231327701650911578e-05
1.411729077168117838e-02
1.634279825958722190e-02
2.688748699002439443e-02
1.494313084973468778e-02
2.091510901731091082e-02
2.261798282826104831e-02
3.212605229748321384e-02
6.677023027005235534e-03
2.953837056361676219e-02
2.789412950009127062e-02
3.900443798684180563e-02
9.200302537818304260e-03
8.570605798828441133e-03
9.996425303843415461e-03
2.230543745797196678e-02
1.712447924276999309e-02
3.266538569529942732e-02
3.744052321713819964e-02
1.408128612742321449e-02
3.043504637153799167e-02
1.406978123127487768e-02
2.001690618101824304e-02
1.953169149620263834e-02
5.053476068609908008e-03
4.347007863751120062e-03
1.938213402110536970e-02
7.293653374469073573e-03
2.508016456566922875e-02
2.660143017199686349e-02
2.038202924215815070e-04
3.660851160971918816e-02
2.175254907672145941e-03
1.289007290719345299e-02
1.029614169964819179e-02
8.930983485910632888e-03
7.678877755720648138e-03
1.200676240849942768e-02
3.511835033829884250e-03
9.865273774519608962e-03
2.596733882571551286e-02
3.348268921798668030e-02
2.772841023318729781e-02
5.818967550261255374e-04
3.909937814201752682e-02
1.254461792316945460e-03
2.717027173353466982e-02
3.519141050797262860e-02
3.475698420034014496e-02
7.548387640306648133e-03
3.617841281444293764e-03
8.964405534504940251e-03
2.789773606025084535e-02
3.771521141957819012e-02
1.616953759487367581e-02
2.994403480404888088e-02
1.837246417841332732e-02
8.850820893144296930e-03
2.696185505675270655e-02
9.002352350064470390e-03
3.239966960825041431e-02
6.804122294156073752e-03
1.426244874314772614e-02
9.841875659560130399e-03
6.588125603491015204e-03
2.317296268937812584e-02
2.137660481159609285e-02
6.095565643359579858e-04
3.684440226966168019e-02
2.023571859276763682e-02
2.735902198588524657e-04
2.901340253629930768e-02
2.611445510047341600e-02
6.173463857660425880e-03
1.115091514455316540e-02
5.123995855554505825e-03
3.743395033250152687e-02
5.337106675672260644e-03
2.658959267548909391e-02
3.869345497910844922e-02
1.166087361549506506e-02
2.794922548668442308e-02
2.639920044447549574e-02
7.952709790335289047e-03
1.592512725979987678e-02
1.306553290251465972e-02
1.790663540853898103e-02
4.283407823036866451e-03
2.480454167068428875e-02
7.978637329098736339e-03
1.259162269142431387e-02
8.654885718706286507e-03
9.398413449703340097e-03
2.644450690640207796e-02
1.199785322506988043e-02
5.853494916480350913e-05
2.061322428570184009e-02
3.885990245930883574e-02
3.643014764107824210e-02
1.489679422049521246e-03
3.021023106212634285e-02
1.982844986101474707e-02
1.765127678110045908e-02
3.055317844600432403e-02
8.667381696666271590e-03
4.819941941378589126e-03
2.254781658818094670e-02
1.903247316249512310e-04
1.269294422720389226e-02
2.975432415647500869e-02
1.567009411589537259e-03
3.261571482477032546e-02
8.470843605939117060e-03
9.899097268031682717e-03
6.740244164949235964e-03
1.414124823300484321e-02
1.195069952512615649e-02
2.820560542684854774e-02
3.372035768596021166e-02
3.308059691506212707e-02
6.665730742769571462e-03
6.328559283408799127e-03
3.088496555118096492e-03
3.016519322811425305e-02
1.472015523196135199e-03
3.356266228850989658e-02
1.431384683449352622e-02
2.001840714582338657e-02
1.675125094360532113e-02
2.484986416614206814e-02
3.097136389946409871e-02
1.198358711650290148e-02
1.956967202314446180e-02
9.558397645431532599e-03
2.884016383217231222e-02
3.977347253855279680e-02
8.200482415280272233e-03
3.067355976601438081e-03
6.308468237594975180e-03
1.691152495305226974e-02
9.543167300211430337e-03
2.691715507642980856e-02
8.702606512100179853e-03
2.657820700641193648e-02
4.432294169710889256e-03
2.587279032028017359e-02
3.837804668318005319e-02
1.661289939999857287e-02
3.067982650374763767e-02
2.067926173476202292e-02
1.627532385778791488e-02
5.558813966738609426e-03
1.252325020189726246e-02
9.364574100398575379e-03
-2.207442170299474607e-03
-7.266719509848845043e-03
-2.621630817731859103e-02
-3.436547902014743666e-02
-1.449842095640393666e-02
2.818749527661378040e-02
7.835468106006177047e-02
9.418772359774946201e-02
1.290846306798309195e-01
1.084955171502664517e-01
5.507725959561612927e-02
2.674851958700465160e-03
-2.209641876541754146e-03
-1.580822294994825225e-02
-3.076471122647889134e-04
-3.718990755235716122e-03
-6.160956049903479337e-03
4.714473496391789059e-03
3.041810091519718540e-02
3.602595458586951155e-02
2.410132703293341866e-02
3.974400203370037632e-02
3.977668593967051414e-02
3.582198712621800091e-02
2.719975790614698186e-02
3.227467401730182983e-02
3.715272299596034111e-02
2.475401737140548591e-02
2.004118805574833101e-02
2.714191281441388770e-02
1.519195972710347606e-02
3.834948409515730183e-02
2.414570435367778285e-03
2.196700753831442449e-02
2.775267087777269145e-02
2.226096290697958391e-02
3.524411109820552862e-02
2.773241281241461270e-02
2.136759723151018114e-02
8.740409707718548027e-03
1.267644899056830088e-02
3.935364172802606475e-02
3.995688003184941911e-02
7.170562656775261029e-03
3.023194894993563625e-04
3.164276367417597630e-02
3.191140107953732707e-02
2.403528578550857484e-02
3.952407097519871487e-02
1.280929253851129795e-02
2.962807788347952484e-02
3.891476982960739156e-02
6.298433212144214505e-03
5.198326899431520223e-03
9.600600995842678217e-03
2.195512145628901804e-02
5.809932658653145336e-03
2.436798504506858254e-02
6.035459343137490607e-03
2.240679696875962079e-02
3.262049269521997974e-02
1.672040605749770467e-02
1.731055653259800167e-02
1.715659126975656312e-02
2.487202852976988401e-04
3.251907194402332401e-03
3.521048069803187769e-02
6.464451794006413968e-03
1.321897365121330395e-02
4.351171887727866942e-03
3.322190945802425133e-02
1.872948150615056165e-02
1.389895244140981236e-02
3.326922530097908143e-02
3.249022147261343418e-02
1.626672923598561013e-02
2.724141915553824136e-02
1.376155529543264186e-02
3.709298998199333369e-02
3.537879921794780114e-02
3.047522237926830399e-02
6.039438346062424648e-03
1.543603339143525405e-02
2.303413096055053483e-02
6.410048215257159974e-03
3.316316039905884295e-03
3.716948483879392584e-02
1.005963353981637748e-02
3.623528204391323476e-02
2.415084969485020022e-02
7.267467729808836305e-03
1.771236080845685693e-02
2.412177057393952162e-02
1.833140510957256136e-02
2.790242989077990413e-02
1.035214287658080788e-02
3.253986899231802593e-02
8.531155776357434838e-04
3.630693680366423037e-02
8.231960177863539840e-03
3.487014464460358454e-02
1.113275378212026309e-02
3.849764432020994637e-02
2.355285022926292826e-02
3.911595196420558640e-02
6.470999040903663985e-03
9.353638070787928310e-04
1.188134353771905412e-02
2.524525785678393124e-03
1.500425186300473682e-02
2.459598156040245648e-02
3.783664120019123583e-02
1.169264905793994044e-02
5.428770961252236092e-03
5.734004100327991585e-03
3.757816060049954526e-02
5.580232073763156248e-03
4.285545619519957015e-03
3.193262253611648532e-02
4.493921820894230851e-04
3.393731038714715986e-02
1.986962677054457047e-02
2.516042691035017681e-02
2.625714902155356495e-02
3.279867366558816832e-02
1.656071531181147263e-02
1.844572481870952047e-02
3.872800018877419620e-02
1.048177632607423700e-02
1.489375189358757047e-02
3.476982099443994695e-02
3.975723535403543479e-02
2.028929133923383643e-02
1.123193828610051341e-02
3.319211261509272259e-02
2.895256520566947059e-02
2.470825479778884781e-02
2.127068132383444499e-02
3.196554258398808662e-02
2.962230181095127854e-02
3.135953549356827047e-02
1.992796291043926957e-02
2.973399683723934595e-02
1.493971689307573361e-02
1.670485547041847610e-02
1.005244219126675241e-02
7.203613896083354423e-03
1.717447605077616901e-02
3.959334034147771186e-02
3.504063515625997077e-02
3.129290190360019264e-02
2.435232409703606132e-02
2.378718175759518896e-02
2.194569465153693028e-02
3.764857347794991344e-02
1.676357557611463447e-02
3.089953081326255509e-03
1.337677847256645534e-02
1.692640456258947754e-02
1.330913366742830957e-02
2.713246146264678207e-03
2.567997155534001291e-02
2.646707337931023668e-02
3.526709267846579732e-02
3.146929933160271670e-02
6.173864773060726806e-03
4.127411166876720008e-03
1.138031327787416072e-02
1.073980241970960356e-02
3.672746680229552196e-02
1.542593227649007373e-02
9.167213864114476599e-04
2.955922507425576967e-02
2.816545906902288843e-02
3.050112705195002355e-02
2.793163546757946192e-03
2.063828895636371161e-02
3.022529273073962588e-02
1.304362283456297726e-02
1.080002502113940575e-02
7.566994677759728179e-03
1.775761112867949021e-02
1.727610463045185091e-02
1.525434277595009817e-02
1.073805117567807124e-02
6.429111653992212322e-03
9.138400778851884978e-04
3.166888155086795137e-02
6.028806232366634883e-03
3.462207338164319248e-02
3.104094758781553512e-02
3.355796396520151909e-02
3.963049167262725631e-02
1.395106400496350834e-03
1.796676987335053127e-02
2.212722932498858985e-02
1.790085522195757062e-02
1.838957102485248157e-02
3.735638867607815605e-02
3.589777107270353956e-02
3.305254164459210230e-03
8.552035503874932595e-03
1.093787860982112052e-02
2.189386922214530892e-02
2.084222232884435852e-02
1.689311555494365721e-02
1.591144538382714343e-02
3.772463002798137621e-02
1.329185237600831807e-02
2.440214792115337136e-02
1.719187783100558503e-02
3.120449392496352573e-02
3.288974896454140845e-02
3.171967377365348534e-02
3.616622433171384765e-02
2.451586129181331647e-02
2.748745914337807558e-02
1.766188306500651164e-03
9.005238485789766531e-03
3.849366770267587112e-02
2.882170563194337218e-02
2.032250481919861858e-03
3.922600737606320859e-02
1.738321203180490798e-02
2.664546358740165627e-02
2.133693289884778035e-02
2.223918746906840965e-02
5.616013355144162771e-03
1.713323549916184046e-02
2.243894924612433242e-02
8.947829848892929500e-04
2.604945672364991638e-02
3.344795003608081602e-02
1.404500650714577380e-02
2.986771671738267311e-02
3.056960950774150268e-02
2.440749149413275025e-03
7.741286965210361290e-03
4.879548508073492177e-03
