3.495398186312890284e-03
9.825038740931589867e-04
2.841401966290880640e-02
2.259697528084029031e-02
2.719100040737210122e-02
2.168790647728965557e-02
1.550178317293707080e-02
1.445995629228037649e-02
2.644460092124174475e-02
3.678337236385240822e-02
2.471191450222408326e-02
1.422002514365012724e-02
2.344290744590100690e-03
2.796125460239192589e-02
1.852310887869393699e-02
3.645747379422784040e-02
2.065523121234565107e-02
1.692735400774045794e-03
3.599459047682339319e-02
1.235373630293303774e-03
6.245146808764596991e-03
3.329652793097972498e-03
1.861606605592018918e-02
2.440375570042124104e-02
1.661409630802673093e-02
3.622651241998253030e-02
8.684290148359981310e-03
3.334706976415919427e-02
1.514408276640414469e-02
2.526172252293631959e-02
9.606290993924977012e-03
2.982915674704917849e-03
3.209251695778719132e-02
1.929337569401616895e-02
9.397842881617584493e-03
2.279393701945164885e-02
3.039353696330381049e-02
1.334021290217016036e-02
3.782908208837140740e-02
8.299028707793976547e-05
3.511075157625698911e-02
1.820574313811804601e-03
3.370816026720721559e-02
7.845257594907586313e-03
2.522366022758868592e-02
3.079906350398267656e-02
6.114164535610883827e-03
2.546812711088618231e-02
2.346069006821451669e-02
7.962147447641992198e-03
2.023592564522891726e-02
2.060088422468897909e-02
2.401708535218273835e-02
1.849156192954890671e-02
3.590522267948387247e-02
1.875599372644148194e-02
8.928789653658064651e-03
7.478076638211268723e-03
2.228858643753845598e-02
2.270165007619668815e-02
1.704958776106038978e-02
3.864004051500089659e-02
2.684046527504661134e-02
3.244177769668703942e-02
3.127892850766826605e-02
2.184265013538133279e-02
4.032372617713875272e-04
2.547488738545567941e-02
1.742780077160013125e-02
8.279061834848201740e-03
2.428001393144661041e-02
3.579909486179106565e-02
2.779987746795273881e-03
3.364971015373256942e-03
5.481745317235598358e-04
2.819622661777262257e-02
1.808440417537218736e-02
1.166561380876419973e-02
2.885040884173155351e-02
6.417570682020073275e-03
2.892561825712275034e-02
1.405621933362634357e-02
3.109513501264693329e-04
5.379301718607454102e-04
1.931840700260242794e-02
3.292505352961225262e-02
3.230712419237371374e-02
3.959080902930634666e-02
1.816710756005192329e-02
3.707680791331059711e-02
3.951792707998156434e-02
9.582892580597457454e-04
3.770213249815160261e-02
1.361365622094329146e-02
1.282030396333313539e-02
2.446424543403453999e-02
3.226935527735828174e-02
3.084371638896086371e-02
2.404310333764807239e-02
2.630161967199220324e-02
1.766819723327206840e-02
2.105400638907696173e-02
3.591323779651691729e-03
2.825653117624138053e-02
1.546226074994752966e-02
1.140290847583454344e-02
3.251531574054040974e-02
3.340056397170518276e-02
3.315455336907566653e-03
5.052698730175850771e-03
3.968288337618165046e-02
2.740175051709062629e-02
3.673030789905418398e-04
2.607472412434944098e-02
1.255082261986001195e-02
1.815485845481954602e-02
7.424819915995057619e-03
8.592754894364160179e-03
1.568299939468125251e-02
2.462807045110079751e-02
1.534952132874792610e-02
3.960292615434964081e-02
4.023003834774696238e-03
3.981472339736671917e-02
2.330229407866208149e-02
1.790155258655604445e-02
1.889667551684329552e-02
3.436535309322760051e-02
2.597397104795221706e-02
1.954640551287988026e-02
2.287853493680824801e-02
1.012856401247588236e-03
1.904382673892087569e-02
2.055139421896852187e-03
1.390107873601478632e-02
1.024800123438052678e-02
2.547243358305699770e-02
2.993220149594924551e-02
2.154605913702585529e-02
6.554107330093476846e-03
9.075576891780028424e-03
8.221284488604756191e-03
3.314994755491609824e-02
5.187597731897297497e-03
1.131311079319134542e-02
1.763144179528582794e-02
2.574786774930471964e-02
3.625628172209555133e-02
1.590615182585368437e-02
5.922576389490874157e-03
2.266162469625867051e-02
7.270185511835296557e-03
3.999431959335577463e-02
2.568036593397509185e-03
2.360862465551005762e-02
1.441968911661426107e-02
3.269849551881862798e-02
3.920528144879100417e-03
2.506386893285732220e-02
2.939077002658163629e-03
2.410520070996640882e-02
3.104875078266687918e-02
3.704387414350426844e-02
2.144051111947292004e-02
3.933994759215286852e-02
1.942785594520078998e-02
1.302464319868769718e-02
9.931392664354729907e-03
1.759744274816065976e-02
8.481897565470108633e-03
3.228275995662700792e-02
1.713084197240528211e-02
3.421851995913271940e-05
3.054545040243164880e-02
2.866365861110544561e-02
2.282707782619581779e-02
9.910000898338898467e-03
1.675210279047243886e-02
5.464366142045870740e-03
6.788071348000666166e-03
4.983018686676521716e-03
1.150315058679631831e-02
2.064491533299171386e-02
1.719615252095232916e-02
2.894031496065545273e-02
5.308193508329219976e-03
6.389652091705397621e-03
3.142066314759447282e-02
2.606891433975918812e-02
5.861803611565146246e-03
3.780335100353656580e-02
1.947745029244025289e-02
2.271463232597850310e-03
9.366965915136060347e-03
1.789099298600084834e-02
1.184107892625204869e-02
3.130701069626080218e-02
7.291574514790508284e-03
2.787948875193546963e-02
3.341454578476550641e-02
3.241288068687225854e-02
6.264106461737282278e-03
2.242316345642705183e-02
1.244148194651300068e-02
2.065112734945464407e-02
2.787969453739764722e-02
1.421706035941321458e-02
1.704408062331127724e-02
1.837678254691091362e-02
3.235326223351888807e-03
2.867657640951421644e-02
2.829239743199750065e-02
3.066022611810105200e-02
2.215671509893795549e-02
2.400323112896174740e-02
2.812942616829423609e-03
2.896281113192472265e-02
3.275654683643403065e-02
1.870462484177437545e-03
3.870047635616043029e-03
1.104290546458498203e-02
3.892946885671186297e-02
2.168301195731113865e-02
6.818671774604996572e-03
1.150850694013834559e-02
3.374575519680995950e-02
1.400612837426430148e-02
7.483898361893945479e-03
1.794441813115751558e-02
1.118618205588748846e-02
5.155251399710448134e-04
8.296982854232420532e-03
2.038052450801447132e-02
1.104432724210012082e-02
3.876036980156932071e-02
5.791419368807702167e-03
1.638583477759273516e-02
9.114922253226614285e-03
2.381486846050483164e-02
1.048531123369853164e-02
3.515272896848756212e-02
3.041372889682360942e-02
2.066799997758794749e-02
2.221471165288581295e-02
1.836416556131150596e-02
1.204458926796951948e-03
3.607812958778202489e-02
3.285302122500777244e-03
1.943461219970981160e-02
3.821937608354023658e-02
8.033419855825618683e-03
3.606689360687542756e-02
9.165007233684152946e-03
2.171568321597136531e-02
3.507875985304761274e-02
2.665697144055086121e-02
3.024884845489540092e-02
1.821933184601696315e-02
1.539560868210887445e-02
2.582341138222113766e-02
4.305322772850753849e-02
3.659651600839406577e-02
7.224312854548058105e-02
1.193883101899033544e-01
1.417406989223773950e-01
1.211865624271822178e-01
2.004644767616594464e-02
-8.449890711880796157e-02
-1.649828836087390282e-01
-2.173500438614257846e-01
-1.810565650526967385e-01
-7.349308715064806208e-02
5.402082039167535599e-02
1.259846208384391431e-01
1.394858612651989072e-01
1.019622625468322719e-01
7.356447494646581320e-02
3.784359093380147698e-02
5.112540970223250492e-02
1.814799552214535136e-02
3.542175549133561030e-02
2.611494103386378940e-02
3.381606985486583505e-02
3.164918315820753475e-02
3.653180720139129201e-02
6.443827042343153351e-03
5.061218156427787530e-03
2.220704706545726520e-02
3.285588230165632784e-02
1.477543888947569113e-02
3.764235352494380710e-02
2.373154285183906587e-02
1.981536204246327204e-02
3.136504516915990248e-02
3.095357877567762872e-02
1.419990561177493678e-02
3.231776535358474312e-02
2.966326385454501682e-02
3.243584761240952963e-02
3.843863354813953359e-02
3.776730288284405046e-02
9.642513185182530894e-03
7.626920479368846408e-03
1.163982054669259174e-03
8.059927356526764208e-04
9.203913245035710454e-04
2.072554856074479857e-03
2.444399310630036154e-02
3.748964756168164658e-02
2.458270079266486330e-02
3.923283546653345832e-02
3.827348657751723088e-02
3.053998187750813983e-02
2.171235953934362584e-02
2.980497761968072326e-02
1.262922806404117790e-02
3.031097633872723018e-02
2.555515854575085566e-02
1.430450197562770608e-02
1.327704814714297972e-02
2.954350207972354300e-02
2.614009902538739702e-02
9.009087606068196322e-03
1.844438494934211997e-02
3.698019651664592733e-02
1.741990746744996902e-03
1.026123250068237264e-02
3.756992229437904757e-02
3.165826666306228304e-02
3.212210946848853554e-02
2.040017659451839535e-02
3.569636784842802890e-02
1.279497848193037607e-02
1.440080664662351899e-02
2.979428247128618548e-02
3.042073729560568554e-02
6.706710732687581888e-03
2.175777706091413730e-02
1.726693882607955796e-02
2.153945545573753353e-02
1.872748549304163040e-02
2.052113525495241272e-02
1.308241335075575884e-02
2.219895517302000049e-02
2.854551474834331540e-02
7.649987107436997252e-03
2.225237358672613880e-02
2.430565432127063455e-02
2.850774409735705450e-02
3.536002223320935250e-02
1.642407081039025385e-02
3.756710419342903628e-03
3.486023151352347915e-02
3.867717548979889008e-02
6.298675146623815627e-03
1.245636951297985490e-02
1.622416273699788317e-02
1.854210353075774406e-02
1.468992019350081647e-02
3.742118489004583187e-02
3.395650811362376214e-03
1.481010674074690302e-02
2.866345310032942725e-02
2.156039720427336409e-02
1.631105195116390114e-02
3.173263638333877895e-02
3.347853858779063080e-02
4.403150581608446072e-03
1.333551458096728093e-02
1.593156067156592873e-02
3.491872331798743373e-02
3.670824584315084821e-02
1.535362280742154015e-02
2.414825247681110301e-02
3.753097004431463213e-02
2.103815800933521787e-02
2.263654170243687563e-03
3.315855980089505578e-02
1.038825540653685875e-02
3.505471173023727571e-02
1.928521261054243902e-02
2.298604658310123700e-02
1.262383242680099014e-02
1.451750162438361115e-02
1.427094614357476803e-02
3.457347678197322804e-02
2.257502356595710372e-02
3.025854376943010529e-02
2.289010931342265638e-03
3.069971079662128354e-03
2.546719136295232284e-03
2.844289084562598088e-02
3.641408521603639592e-02
3.492889736794851929e-02
1.164833160019102150e-02
2.736741185392414094e-02
2.777156604263703379e-02
3.924185582170647973e-02
2.130491257446942913e-02
2.032246460776903491e-02
3.675997608828365099e-02
2.346205573418954846e-02
3.145156551077454843e-02
6.446541546008388752e-03
9.339840508352547852e-03
2.418919296278351436e-02
3.119113441401117834e-02
1.743361650297096249e-02
2.491441277237095228e-02
4.329089764971243842e-03
1.425512130311709300e-02
1.275682110388395157e-02
3.031019675986949824e-02
1.410594334731479597e-02
2.347569304808965959e-02
1.739201596190072035e-03
3.008863836783622070e-02
1.481668393740773713e-02
2.681210235372209066e-02
2.153653824630537977e-02
2.468986619841171282e-03
3.709762430628334856e-02
3.856915033029104795e-02
1.630468751295680724e-02
1.017591800884550673e-02
1.372999636488403451e-04
3.357507660369151575e-02
2.032466019714678288e-02
1.992852369662642328e-02
3.344141615438092630e-02
2.164530818661636324e-02
1.569272266276855411e-03
1.108806375768637935e-02
3.824579710929985193e-02
3.730643876719550583e-02
8.141997369950359511e-05
6.436600188673069142e-03
3.083148549026339114e-02
2.064319250292870334e-02
7.373876312855083548e-03
1.839402708863126235e-02
3.666268047739560526e-02
1.709359070213423148e-02
2.553574293475195656e-02
1.042217955086296652e-02
3.652768367714445685e-02
2.917482270476678963e-02
7.504090331509885234e-03
2.979204458869842351e-02
3.283840270620230761e-03
3.855125574883730422e-02
1.155643020391638152e-02
1.611065105779426604e-02
2.715033185118807119e-02
2.535049171223942299e-02
2.276399677549179046e-02
2.088643175386316678e-02
7.507775435060874865e-03
2.582684786556240994e-02
2.457527377206950372e-02
6.411930358035689351e-03
1.852311845068315213e-02
6.691478190845399215e-03
4.403765448516279261e-03
3.402682968593276347e-02
9.707829750948455613e-03
1.709669295329710806e-02
2.221429496765484762e-02
2.976010665942850630e-02
1.897370756092708844e-03
7.073693531429756792e-03
1.879408470592067865e-02
3.795088733772439271e-02
2.220120949198878257e-02
2.804872880582923514e-02
1.071686587115503950e-02
1.098167958163753267e-02
2.646516550576774943e-02
1.266415807232132602e-02
7.122486923108298056e-03
3.839907143700467540e-02
2.865430103774359652e-02
1.145300054287849527e-02
5.544612383110689852e-03
3.557769687388923074e-02
2.574357415962723675e-02
3.205800909324579839e-02
9.105243816693021214e-03
2.609140984936332563e-02
3.737646310304603044e-03
3.864087370170383312e-02
3.909090112636962044e-02
5.019490935844790266e-03
1.786284021924787122e-02
1.724991001593254719e-02
2.033133889899335286e-02
3.918613663906593547e-02
3.871616765365678420e-02
8.547055146708225012e-03
4.927704438176928534e-03
2.754418466981605612e-02
5.917606990645663109e-04
2.220788829383379265e-02
3.077052570223067635e-02
8.759095471584401466e-03
1.845799551957422874e-02
2.746291607269528770e-02
3.520312439041596575e-02
1.232122764828976619e-02
2.754284369706158642e-02
4.172327493323296776e-02
7.931970470634611137e-02
1.078744812657995017e-01
1.685909796907709701e-01
1.932910658432798467e-01
1.725457304635827915e-01
5.882544156623768783e-02
-1.572475489778331903e-01
-3.430843193360438859e-01
-4.118626562410185321e-01
-3.216570876346043217e-01
-1.277038167559208237e-01
4.141360594506632298e-02
1.774390271015459930e-01
1.928850313472423306e-01
1.849889582385363662e-01
1.074362157413206037e-01
5.522697489484056782e-02
4.317602543168558293e-02
3.385396410809149437e-02
-1.850685354014845047e-02
-2.217193559343715731e-02
-1.075757308844460525e-01
-1.366941185488924904e-01
-1.941626668570733960e-01
-1.578195036723470390e-01
-2.054838383200005905e-02
1.928761996870495821e-01
4.046732441257754886e-01
5.203562317876782028e-01
4.283058077669417707e-01
2.002067318352121761e-01
-3.057987907523162380e-02
-1.678986364685383648e-01
-1.875891246521371736e-01
-1.689633360450791266e-01
-7.447543576688878120e-02
-2.165926586119024111e-02
-3.354109681219730882e-03
2.322070237444290308e-02
2.945515316717325655e-03
2.238084786083427077e-02
3.844286549049261148e-02
1.920710274205765858e-02
7.442236529629336558e-03
2.517188655526518895e-02
1.687322268856750879e-02
2.146812524731513822e-02
1.308753377586701315e-02
1.247004778448802809e-02
2.613395441079031586e-02
3.436328081688479197e-02
3.551547397201389872e-02
1.493137496404059114e-02
5.750110296603330555e-03
2.220946159806407721e-02
8.701163894027525228e-03
4.527618672957212272e-04
2.516024196675044258e-03
2.076813533602555120e-02
2.216734568154857601e-02
1.866235311855416260e-02
1.728332199922260823e-02
1.748434473587424584e-02
3.942205954802482232e-02
1.220891814938627161e-02
3.280407352689530820e-02
9.940531224394652879e-03
3.034786054465429816e-02
2.958686665720377737e-02
1.084489385581228734e-03
1.516254454506523082e-02
1.076074686510684018e-02
3.483658890793117483e-04
2.385474932176814312e-03
4.186224036980217174e-03
3.479402944600154101e-03
2.921455206528281862e-02
3.457377157531014988e-02
1.955853056160968689e-02
3.353017996247972116e-02
3.330989983454411135e-02
2.748464510825998630e-02
2.591092693572138658e-02
2.489382270007924752e-02
2.914740795841481557e-03
2.140478092802909627e-02
2.690551433130944706e-02
3.127876447099750545e-02
3.544831841627364699e-02
3.826247270557596447e-02
3.359223778635714308e-02
1.308431736449342485e-02
2.451528082486007648e-02
1.694707018026278891e-02
3.717048367138011539e-02
3.739448236923616220e-02
2.733963403524724417e-02
1.826812250491756384e-02
2.172424677235283361e-02
8.002922843248829257e-03
1.903140687900082423e-02
3.044928011399615497e-02
3.169344720880676314e-02
9.070836979136442588e-03
2.320631366736378154e-02
1.308168117421804066e-04
2.014351408512807945e-02
1.215924717750319767e-02
1.430120110145640180e-02
4.132624475431132503e-03
3.266976303860511400e-03
1.822408835503542754e-02
8.691243823967114562e-03
1.036810544521891107e-02
1.546719284831240757e-02
2.912199181473790546e-02
3.197168199541225442e-02
1.250144621110043514e-02
1.665118279733153461e-02
2.331186877268990112e-02
1.925005882551114947e-02
1.043815359932126312e-02
3.905031368429825317e-02
1.535868077891144878e-02
1.462512241796143884e-02
2.736578840571356544e-02
2.459161307194682525e-02
1.440256727436242147e-02
1.567988462798936694e-02
5.523167887438367417e-03
2.613946549560692764e-02
1.016694509787335193e-02
1.245270681541878546e-02
1.568644599544118806e-02
2.907000559979793647e-02
2.695657704587595040e-03
8.661105318954245499e-03
3.340807030134824995e-02
3.084909536039315628e-02
2.545569729466439293e-02
1.800093234117055435e-02
3.784681914355596255e-02
1.363243151703951751e-02
3.246102612985667102e-02
2.926168076355974493e-02
1.234411563678686555e-02
2.442837277558465928e-02
4.395439132538112546e-03
3.676140522239212255e-02
3.566594312066167366e-02
2.208527019989225959e-02
3.208292072439383746e-02
2.776617419401762599e-02
1.678013162154759486e-02
3.666084185301293763e-02
4.710486346027984751e-03
3.126799595496272677e-02
1.831640771360774564e-02
3.466158525253210804e-02
2.020874012199514250e-02
3.595456836786879024e-02
3.588665931951814242e-02
1.470509779109734419e-02
7.854398031169470065e-03
6.006687986637646720e-03
2.497054426793408541e-02
1.911808074880278277e-02
3.516867510174577494e-02
1.590061299321847421e-02
2.190860032154616499e-02
3.156348420415115708e-02
3.905060758009228083e-02
2.392872887728904677e-02
2.780877981260888518e-02
2.265487293455445417e-02
1.271146608370638149e-02
3.668329398693715576e-02
1.082961870280055652e-02
3.398261086684593174e-02
5.590612636806535467e-03
2.267957892805758796e-02
2.441176790922434947e-02
8.644373641859331645e-03
1.697083865706666347e-02
2.389817775548862266e-02
3.465095009570706925e-04
3.918938133196900320e-02
1.718356508171946587e-02
1.451174097866902470e-02
1.429166111541936048e-02
1.329117724764454847e-02
3.384538131140355649e-02
5.543073631390957670e-03
3.152860451446387602e-02
3.241308000187694688e-02
2.740132556138847458e-02
2.463733866425652994e-02
1.384451426931782719e-02
3.218876561165196631e-02
3.593985787075520966e-02
4.332877481159869387e-04
2.804605157403546739e-02
2.463991168180243441e-02
3.922667251127307658e-02
1.487749785697275312e-02
3.985870770494217424e-02
3.169759475078424288e-02
1.513238788278193671e-02
2.870947088019684679e-02
9.731847364579495133e-03
2.160349470441313979e-02
9.803172223371464308e-03
2.499246069479943433e-02
2.360210189307605441e-02
7.387976233432112273e-03
2.691195083758661510e-02
2.523252514712333305e-02
3.516513857593541598e-02
1.916441924926867019e-02
1.008511116254508580e-02
1.536316660936550699e-02
2.058867662565404613e-02
6.013882760736919547e-03
3.728124611644059033e-02
6.790100039992257204e-03
2.148392550341863064e-02
5.846214727106335612e-04
3.721623854824621103e-02
8.297087941035626024e-03
7.970631812163713609e-03
3.318454986480127988e-02
2.465886651325424964e-02
3.907602541732836665e-02
2.637520495378590374e-02
1.681379262912358410e-02
1.947436656245049233e-02
7.325116825931074840e-03
2.618426320974966484e-02
1.341788029782837836e-02
9.089698457082935959e-03
1.406394678658633851e-02
8.238218680882298736e-03
4.937482015723090346e-03
3.335043908139160435e-02
1.364734423563079661e-02
1.736887811923340172e-02
2.716404031114456885e-03
9.678910597747045208e-03
2.960282503696662348e-04
1.870968110541609483e-02
1.608289590389009108e-03
8.172504287366478409e-03
-1.898376814080423094e-02
-3.735052619368752630e-02
-6.456370387372442621e-03
5.312038892130192466e-03
5.699270305192120911e-02
8.782907956505396629e-02
1.275996969186878327e-01
1.147441019374695337e-01
4.704269173471288534e-02
4.976646012255545037e-03
-1.366633273220110856e-02
-4.217222282591520655e-02
-2.117045637636760791e-03
-2.234701841807382877e-02
1.951409028841115736e-02
2.523485837715160746e-02
2.309277306012156444e-02
6.971726885078260820e-04
2.846949699953097226e-02
3.260562927368545333e-02
1.498188876752048690e-02
2.333296216963650152e-02
3.941671692161888979e-02
2.172838831723182193e-02
3.422255802915514372e-02
3.582423159169428190e-02
3.769724140086803260e-02
1.270368354067430774e-02
2.526915410940681894e-02
2.011816812821942690e-02
8.859335154825212846e-03
3.069835830534641680e-02
2.845526572973706373e-03
3.876369165955070861e-02
3.498115008021995126e-02
3.287043033275700854e-02
1.453678963043864708e-02
3.407980257756833276e-02
8.879874041083505795e-03
1.402245180263753457e-02
2.778409117303973219e-02
9.004173994395569874e-04
3.701222353797350290e-02
3.659034690056263417e-02
3.098282688105612540e-02
2.992590179810821968e-02
1.555651543539807863e-02
3.147357048722138756e-02
3.739313672823754708e-02
2.772214627168813686e-02
2.953704854848519801e-02
1.405170230479274758e-02
1.746336320151323576e-02
1.320986805629285020e-02
2.890546706420432307e-02
8.496582554018493327e-03
3.703965395363176261e-02
3.810919464053645622e-02
3.868937349221316518e-02
3.630779972727829485e-02
2.177116237650206579e-02
3.807930542408331093e-02
5.363347783811986749e-03
9.108879091559907507e-03
1.882659489029922528e-02
1.731606595915417823e-02
2.613126705880463099e-02
2.690461945122622767e-02
3.864796786086072133e-02
5.835465671220432284e-03
5.978398599325762848e-04
6.526417793367644653e-03
1.616881525909916661e-03
2.874201574293443542e-02
3.506986351045691258e-02
5.482470581113662970e-03
2.116375779747300609e-02
1.783730510373861960e-02
7.882574740633679217e-03
1.607770550189241768e-02
1.860425455290988170e-02
3.801874405380607780e-02
6.535248656672987483e-04
2.397480047165420278e-02
2.682408541357874602e-03
1.082873166719243441e-02
2.053042136460485334e-02
2.192667388275459928e-02
2.297069493974619389e-02
2.253177125779175574e-02
2.881288000047529593e-02
2.669962793978024503e-03
7.854022184004931517e-03
2.485743810462902673e-02
1.843792971764224298e-02
2.487017774331901424e-02
3.500078460099365291e-04
2.175078182937320581e-02
1.729913614232869365e-02
2.899838902363297000e-02
2.061341546216171813e-02
9.338666372086610462e-03
7.248661255598687174e-03
2.983210732402820711e-02
1.090032445463004138e-02
4.234846166675767382e-03
3.960167992183490776e-02
8.111398931208274252e-03
1.557943425495594662e-02
2.743346043286051805e-02
3.323594481531776806e-02
3.046667773586491865e-02
2.874998479034958365e-02
2.700703232405591084e-02
3.724821773734968838e-02
3.196479193357854715e-02
2.926147629847494422e-02
1.767910398927624929e-02
1.575355620177938329e-02
3.146906704120822768e-02
1.882218957059809961e-02
2.349277841757034871e-02
7.565565207242603944e-03
3.137357119168205505e-02
2.175727445483852107e-02
3.951056348447823385e-02
2.565322018306060228e-02
2.357859124936978815e-02
3.293971239160421033e-02
1.146919005631978974e-02
2.860007508328793815e-02
2.306522777252839954e-02
2.344398371761721375e-02
3.603211177068591647e-02
1.998654234736252713e-02
1.562114088974240686e-02
3.100766471662925756e-03
3.931727023639831203e-02
3.914410151155529871e-02
1.856876952692449248e-02
1.798963545343323879e-03
3.570001597084016681e-02
9.476452741727179468e-03
1.454827554413876470e-02
2.568290475010288204e-02
2.064789158111875189e-02
1.554848289746204107e-02
2.294069269967873373e-02
2.763669218687054077e-02
1.921086933598563709e-03
5.705530807764382616e-03
1.217341866696013825e-02
3.372548358634073346e-02
7.184113885277118756e-03
2.761324038947834437e-03
3.795467263647111372e-02
4.489765689893659290e-03
1.431270670705391684e-02
6.910847492158258935e-03
1.040885450330007733e-02
1.687394624324414089e-02
3.601618808692736567e-02
3.642948667145435443e-02
1.013251580749038178e-02
1.113451926258944222e-02
3.205297842956766896e-02
2.470397173601582980e-02
3.377608597606063939e-02
8.346737001069151618e-03
3.704899570013189120e-02
3.548053165229892586e-02
2.691366064502557012e-02
2.783407318957497809e-02
2.844863288569566065e-02
2.726872673000659691e-02
1.172243464390705474e-03
5.076399492277383456e-03
1.449908286712271038e-02
2.967220657483666396e-02
1.952377567414409834e-02
3.833252861942904738e-02
1.042791442901888285e-02
8.359661745841578603e-03
2.826874310074450197e-02
1.128125838483725468e-02
4.011403969821021424e-03
2.143791939640319472e-02
3.984772762423712672e-02
9.956611726816576302e-03
2.998285617912415518e-02
1.423483016920622235e-02
2.838310080350601311e-02
5.804098592700718956e-03
9.596182742598390741e-03
1.778459034500232822e-02
7.037835800520433026e-03
2.963234272193880983e-02
1.774584748121040001e-02
1.800181380231523007e-02
2.700475651591514870e-02
3.090898153852623953e-02
1.196010108821552072e-02
2.902835965174693431e-02
1.242880359082402034e-02
2.146885957108149445e-02
1.385349940641903560e-02
3.218358570321584039e-02
4.190550668984411621e-03
1.576649075859367852e-02
2.124829515734719468e-02
7.009628906919496485e-03
3.329567581445067731e-02
9.575783665508503378e-03
9.190008980467739494e-03
6.872974283793600175e-03
1.794558751766363661e-02
8.130461743401399752e-03
3.785120190835417758e-02
3.473003904121062246e-02
1.391582167080188809e-02
6.138469524598360108e-03
4.660170210321585606e-03
2.992839196809094285e-02
1.543009981920640504e-02
2.562574596562819385e-02
2.364552930723859067e-02
2.592314597485810557e-02
5.762632061828587560e-03
6.232263892269922917e-03
1.170480992087048928e-02
3.392596875272145540e-02
8.188598540955962374e-03
2.656621985103733031e-03
2.079938937958868139e-02
9.303887386032534332e-03
2.619388945387227108e-02
8.552043720919177494e-04
