5.897110941076344134e-03
7.915052589143765568e-03
1.096395822306218092e-02
2.853972131376818558e-02
2.775805879864290740e-02
3.520084700736982909e-03
2.443557995946340697e-02
1.845690184118491811e-02
1.672098858392595186e-02
2.545799909231579936e-02
1.494215975189972033e-04
1.933703234279828681e-02
7.235011382214931105e-03
3.238128893194194141e-02
2.243514687735371008e-02
1.070289583013808200e-02
1.947988373223151840e-02
2.264341233019248611e-02
3.657911096175642252e-02
8.785426135933130029e-03
1.759591703430996024e-02
8.378452862098066320e-03
1.335139788963637421e-03
2.810632008277415272e-02
1.621760420964600199e-02
3.318943630665240931e-03
3.934770451703751420e-02
3.431383331815585774e-02
8.699182900945560959e-03
3.518457037675486437e-03
3.079742188285455179e-02
8.607525464511121827e-03
9.849276933795789515e-03
5.367508058055410307e-03
1.431168039574011192e-03
2.243288411021197859e-02
2.096561358762600441e-02
2.324083439410409846e-02
6.841005524048093811e-03
1.920162312167899427e-02
2.407678424998729166e-02
1.257391367141620338e-03
2.688254126437952286e-03
2.151046374758602830e-02
3.839027235696410023e-02
5.502506874676548962e-03
9.873242474452098225e-03
2.217438649198244863e-02
3.610774293821547576e-02
3.913592833239622204e-02
1.755198233440329741e-02
1.448033385847100583e-02
1.896743300669941762e-02
2.793105041816556014e-02
6.854868804570855324e-03
3.648497466507056447e-02
6.211639133162769576e-03
3.282262033268201762e-02
2.581757640102035067e-02
2.155253463493967889e-02
3.366281915318013185e-02
3.339533917824927256e-02
1.629303833073495605e-02
3.645398163643732287e-02
2.210274778859331463e-02
3.185781461831536238e-02
3.523472432191539910e-02
3.056553834557594260e-02
2.682901191104919772e-02
1.469333824282684567e-02
7.254482147034835727e-05
2.713717944253233802e-02
3.218423194145861310e-02
1.566527030593833957e-03
2.429197366217190901e-02
2.313942552972151484e-02
1.031872233667573656e-02
3.015965098184531651e-02
9.446813886806610869e-03
3.040086593829851441e-02
1.206676865652452253e-02
1.380725541634797416e-04
3.018615553172247085e-02
3.241174921801819736e-02
2.565160393087290852e-02
2.938927748511512787e-03
3.252220912424801103e-02
3.120391590364843259e-02
2.243146471611843010e-03
2.571875664674147174e-02
3.152862089956846164e-02
1.852967709767312440e-02
1.067706268297916559e-02
4.815177906811562818e-04
1.364947986371473250e-02
3.265109733588380386e-02
3.527356447593680416e-02
2.533680001615224928e-02
1.589183624690747310e-02
3.293510946515106064e-02
2.095441492593035776e-02
1.379052286974415120e-02
2.908638792034034734e-02
1.635177163650522458e-02
2.565809637597581128e-02
3.586484667184554331e-02
3.456586817241064091e-02
1.577706830436959723e-02
5.714962918522585762e-03
9.171969832375998291e-03
2.541679262517755177e-03
3.403257552891114646e-02
3.889639305203723696e-02
4.290765673531091347e-03
3.892184949102832359e-02
2.092971527367232590e-02
3.801262971746641878e-02
1.602956552593691811e-02
3.661503001699751431e-02
1.891659299279958850e-02
9.956589460217912455e-03
1.335129544189404046e-03
2.500869086428068530e-02
2.551928259784803574e-02
3.094880464492361788e-02
1.231048684321198704e-02
3.967448245335174206e-02
3.095787051281330762e-02
3.698113961410305628e-02
1.059497379544093419e-02
1.871158223836203588e-02
3.521929948779144864e-02
3.401930028048729543e-02
2.357355383348295336e-02
1.127552975548377218e-02
1.971169634678440752e-02
1.451410107374092803e-02
3.676516183223629830e-02
1.705249864394047269e-03
2.700671829678719452e-02
3.266029994888625110e-02
1.352830241031079128e-02
2.633891317207469676e-02
1.780191613787040703e-02
2.954092232739321394e-02
3.304174749166326197e-02
3.698323565865096335e-02
3.346342832924806276e-02
2.394580152021057173e-02
5.146115300160803048e-03
1.140957106156402154e-02
1.294070076589950817e-02
9.045639629638281901e-03
3.371840462267492594e-02
3.214380248147354763e-02
3.759432683103471843e-03
2.421221312006126627e-02
2.810029600473883116e-02
1.544640681273441382e-02
1.464465154642974505e-02
1.954073094518339951e-02
1.820288572547115171e-03
1.053813648517718492e-03
5.664543484874515721e-03
1.258740098004616434e-02
3.405894814885800786e-02
3.939301458963463676e-02
3.905013149092684266e-02
3.419982746618999842e-02
3.522162939423544720e-02
6.696960854981903917e-03
2.238886462282115020e-02
2.957978332455396195e-02
6.865529658985578335e-03
3.587812282142995718e-02
3.710896553364006947e-03
3.789757277713527717e-02
2.867637265897144197e-02
3.566072721068764412e-02
3.564189779531687363e-02
2.683669850367131557e-02
2.040924536325605838e-03
1.060773197392769068e-02
2.767691202381220711e-02
3.411126914301622348e-02
1.467269281123638469e-02
3.323431508662952338e-02
1.308371415208365619e-02
1.892222800099321173e-02
1.344495021978141767e-02
1.506225197494179789e-02
1.259540909759756730e-02
3.621795040899903478e-02
1.001509407319833324e-02
2.272491905468736889e-02
6.496747706744909756e-03
3.414726689983763053e-02
5.544882930690903794e-03
2.307868228806641761e-02
3.067021499236675941e-02
3.799176001007372599e-02
1.182541170728709963e-02
3.861075134461778441e-02
8.368473673821590075e-03
3.892254097077555569e-02
2.544331243256449035e-02
2.171534434841783032e-02
3.242284162897006439e-02
2.132258320678581676e-02
3.879010747254514613e-02
2.192274196085896784e-02
2.136484789897576467e-02
1.028286802149560968e-02
2.399347588544525206e-02
2.611014487189368405e-02
2.480786986239885000e-02
1.062351519145551468e-02
3.964069100494315573e-02
9.032933716765757792e-03
3.628769280190771718e-02
3.126290135093863064e-03
3.145399537068166440e-02
2.465662639311190160e-02
2.693325848746485826e-02
3.266780780104734227e-03
1.552565307231330502e-02
1.917722674186319448e-02
1.238698855498174788e-02
1.678241893901226411e-02
1.321113610225987424e-02
1.373782138999773798e-02
2.606255438642652092e-02
2.789537677953328812e-02
3.572575566917050860e-02
2.840189346994760264e-02
2.946089872396224010e-02
3.433519506967736001e-02
1.693307010036970706e-02
2.814376957746883220e-02
2.581247216408969272e-02
3.120479538071756643e-03
1.987734417030939671e-02
3.191584689077821974e-02
3.895203268510481071e-02
1.206758984970192697e-02
1.559506045843833850e-02
1.426782905668389466e-02
2.905855205348805911e-02
2.360572981205465160e-02
1.260928456243566760e-02
2.129588973062227983e-03
3.931730635199792018e-02
6.162201754292608372e-03
3.839848335696386533e-02
3.859941887423407048e-02
3.001706132577137628e-02
2.117376741842909652e-02
2.872788075805139674e-02
2.614246609484376441e-02
1.884780655238247477e-02
3.256021002894397831e-02
3.122192965496155964e-02
3.015192246225944020e-02
3.943400601992512466e-02
3.811754998878622014e-02
4.348103860261627596e-02
1.699357944097803358e-02
1.366140148790151616e-02
5.170393789529666162e-03
-2.183547427307527822e-02
-2.050184927442328872e-02
-8.910329641315099802e-03
8.432737783790221139e-03
3.497300768641742330e-02
4.963499485406723533e-02
4.520493819091749021e-02
4.114497984070657893e-02
1.486494751024117385e-02
5.322038183974617080e-03
3.231337387953416712e-02
3.975552630732249321e-02
5.487603589145674705e-03
3.464429676846583761e-02
3.103544848365464084e-02
3.135914649192420023e-02
3.401618518789055468e-02
3.127438131097352164e-02
2.182685532735056250e-02
1.120864573336982119e-02
1.071526243621151626e-02
1.519288868854610196e-02
2.488553583720043427e-02
1.568966923380061759e-02
2.669624000197597449e-02
3.175506327060688243e-03
2.355975395162183961e-02
1.433693137640008539e-02
2.974970053683516705e-02
4.205580320809754191e-03
2.307579162318197652e-02
7.466796559259764737e-03
6.161263575866837879e-03
2.178583807757292906e-03
2.172091944634482047e-02
7.544543277997552838e-03
2.828711923673286194e-02
3.367699739818968974e-02
5.708638049407670917e-03
3.036676608017401316e-02
2.032212001142274030e-02
3.458203365831322151e-02
3.206286811634014022e-02
2.543256736595281634e-02
2.805905784901428779e-02
2.075128289756369374e-03
1.092661476207573007e-02
1.516634395783031039e-02
5.196144352567317985e-03
1.107846648594940260e-02
3.849546985592174064e-02
2.785934024611451659e-03
2.720559667936335146e-03
1.639450670123043796e-02
3.066643084671710068e-02
1.259777614342905225e-03
2.687574895675877082e-03
7.049595924578273831e-03
3.011356466291575246e-02
2.835534237129263765e-02
2.568145112051892220e-02
1.141164294448702640e-02
3.551766756450523005e-02
3.278960132368736319e-02
2.105676351348988520e-02
3.682517481564403367e-02
3.569014292842742631e-02
1.923945684662872052e-02
2.949464214875364976e-02
8.875956218672520145e-03
1.566800100498147788e-02
7.615466716727312471e-03
2.022519970958799179e-02
3.848750664646878594e-02
1.674344158035551491e-02
1.990087851215672013e-02
2.354729272412554170e-02
3.648271803507242145e-02
1.174537845717328957e-02
1.305165372869461667e-02
2.324943285589918529e-02
2.828512326434508284e-02
1.365113105121600751e-02
3.438414547320396697e-02
3.802298427274825726e-02
3.124439901912619277e-02
1.417762301334130753e-02
2.957569749155683145e-02
2.571178607503010402e-02
1.874324148367400092e-02
6.925001852569478630e-03
3.223203342574987307e-02
3.216840348376637324e-03
2.203632961236988430e-02
1.927193407671070474e-02
2.265173127278079235e-02
2.913687175894969297e-02
1.679284971778827185e-03
2.575876947406285748e-03
3.931999782331837417e-02
2.380119673588499893e-02
2.745653820554587801e-02
6.878883293052901957e-03
2.128852973110785182e-02
4.696302587568959054e-03
5.030399515677758809e-03
4.163878887316796625e-04
9.117764323792854064e-03
2.389892041312080724e-03
2.056639145315637685e-02
6.701931891834140773e-03
1.024928653937724407e-02
1.021974553024429522e-02
2.311508374746733957e-02
3.510162287298389250e-02
1.971097338825344948e-04
1.626777529357778529e-02
3.904929381326244925e-02
1.276600351717344789e-02
3.720751957829140227e-02
3.319720807838860699e-02
2.470480071124291424e-02
2.124629340581623074e-03
1.559813355666415935e-02
3.800255666278106598e-02
3.012018200350978850e-02
3.387004850113933818e-02
9.851358890808868674e-03
3.987254510393665324e-02
1.208733306433564317e-02
3.582739886630673803e-02
2.772212870895301648e-02
1.938344543717497592e-02
5.542410743957257996e-03
2.353969076289614062e-02
1.867104589068453377e-02
3.972043039459521863e-02
1.718015692391948110e-02
2.359861264204434622e-02
2.061721450137272635e-02
1.250831535011041884e-02
1.907735019521750175e-02
1.049446061898032592e-02
2.843406219317074629e-02
2.803975416921979449e-02
9.202298864671330444e-03
7.599494440620136121e-04
3.885699723155683349e-02
2.467928448530382762e-02
6.004710709959381991e-03
7.005227039928696138e-04
2.882496814308681959e-02
1.763489179722227060e-02
3.608814150323027409e-02
1.002423574150401731e-02
3.677149634627177588e-02
3.195965439814833775e-02
2.915533332069943431e-02
3.490297590175958642e-02
2.918857439353097008e-02
2.265905836594185249e-02
7.174039010810728508e-04
2.789075011152464256e-02
1.823368115141366097e-02
2.682316500736338719e-02
2.888579884005626833e-02
2.522467455917358839e-02
3.260780808297347906e-03
1.007447750931626113e-02
1.054830754448428561e-02
1.544299526039852148e-02
1.981936603616491627e-02
1.115179570527893328e-02
2.294134645084799570e-02
2.681695013648234538e-02
2.712122105892702389e-02
2.302133630710104240e-02
2.874212098530324472e-02
2.045236514211233245e-02
1.248049765284747932e-02
2.207957601139519388e-02
1.826065781225552631e-02
4.788549081458435067e-03
2.342102103297367607e-02
2.988480328814061351e-02
1.482238249342783878e-02
2.875545658871253921e-02
2.439941769269783275e-02
1.509930152999836191e-02
3.058452083991515871e-02
3.819410397804277879e-02
3.589909976525760410e-02
3.646992699240708680e-02
1.627295738791225636e-03
6.079664503538100354e-03
2.210298501272052376e-03
2.034101099056027581e-02
1.955861357483835994e-02
3.047945724910486667e-02
5.808316903547638618e-03
3.284548424965796909e-02
2.115512928627426292e-02
3.319815261956802349e-02
2.920156682218533542e-02
8.136382082417731657e-03
1.317942912073256923e-02
3.621017574556319868e-02
3.518223443931311339e-02
2.769046343355676537e-02
1.356816788665933179e-02
3.905435789124251517e-02
2.915533049742370653e-02
9.038579566732365608e-03
1.523739879209367459e-02
7.800305694393779021e-03
1.079106817254374233e-02
3.526685455609870467e-03
8.601704262787385549e-03
3.055310573293565021e-02
3.943999217051036288e-02
3.041862905798028635e-02
2.530968470601837120e-02
2.266713715277625038e-02
2.426582162807215670e-02
1.866039192588788559e-02
7.750799574425881267e-04
3.398904926670877347e-02
1.918608424279392988e-02
2.751168289078626331e-02
1.499681216068598361e-02
2.263154805700638011e-02
5.163210813527484636e-03
9.268466027192874199e-03
3.786436631905079619e-02
1.034082806658095238e-02
3.882041198712389563e-03
4.116371852415377612e-03
1.772103183414270450e-02
3.194667428223680467e-02
2.246162396709746115e-02
2.770942325222701397e-02
2.830715084752919580e-02
6.296830992583830888e-02
4.673256414114417695e-02
1.052092788966631498e-01
1.210881545743743848e-01
1.072734589685541279e-01
3.003999607271093386e-02
-5.102824790109435071e-02
-1.493436800617619908e-01
-1.731833140000125226e-01
-1.484413414309830870e-01
-3.409690842957115164e-02
2.177878879204434362e-02
9.219736474453450736e-02
1.073292159446438410e-01
8.722949843132421499e-02
4.739748251200054385e-02
4.429816570032157896e-02
4.127701121973015308e-02
9.070836838564962784e-03
1.622480469121552124e-02
1.513214000312634823e-03
1.505572871872378447e-02
1.524199386547533085e-02
5.293263044824241849e-03
2.828976734740503915e-02
3.682245770714334676e-02
1.767331070680696475e-02
1.107236272692853525e-02
-2.606491481951496783e-03
2.056613273416148940e-02
-1.176790697483524883e-02
-5.159162602083030430e-02
-7.415566351436751746e-02
-6.359728950469037412e-02
-7.584304701248974212e-02
1.572410358341226957e-02
9.840260663838047706e-02
2.005544186324193789e-01
2.571484160210267822e-01
1.975708666957859128e-01
9.293975085603350950e-02
-1.105787537453538014e-02
-8.016033054016537263e-02
-9.514729612904168632e-02
-8.092323242452210963e-02
-4.739870733310564549e-02
-5.194063295519763673e-03
8.445210376399951008e-03
2.187515891463974460e-02
2.805288758230788451e-02
1.738159305691418591e-02
1.019311139954050607e-02
1.919266511971529088e-02
1.037905580940306355e-02
3.615461215261427802e-02
3.290456123859852866e-02
1.514222243838371507e-02
2.627892556901436586e-03
3.687478460078047471e-02
1.309777370825913195e-02
2.706463725672524773e-02
7.685555455073623046e-03
2.969208946541313648e-02
3.227886645623720407e-02
9.322368070526247316e-03
4.216284114648818047e-03
3.748641300153454647e-02
3.841482348828359483e-02
2.345024151623690059e-02
2.549205829770258974e-02
3.173668498452588554e-02
2.111096036578665597e-02
2.004499593702732674e-02
3.532689540967678954e-02
2.874763482143372073e-02
2.406971707030111651e-02
4.827839406406356053e-03
2.222618026891513138e-02
3.635831036586253950e-02
6.602637861181292686e-04
3.840049154213153598e-02
2.055117296282060399e-02
7.480806653802747619e-03
2.068181151414812818e-02
2.039166873532873014e-02
1.705127017321472413e-02
2.986175366305184736e-02
1.862572595852550472e-02
3.450611031358410963e-02
1.581232204288104265e-02
3.600960379341885953e-02
1.736118944719682294e-03
1.550635172416057203e-03
5.457879929600771042e-03
2.458052044170704400e-02
1.999082748455304273e-02
1.801889230738105150e-03
1.100455534977339001e-02
3.613713594800919970e-02
2.044951726372165601e-02
3.123372584846783977e-03
1.772834883507112477e-02
3.362680045406118913e-04
6.642828115623924425e-03
1.965246007277299256e-02
1.563805454836428993e-02
2.729093143849136219e-02
6.899922680095626690e-03
2.113741178563775108e-02
2.282204630970945808e-02
2.386077408958041379e-02
9.289387455470659097e-03
2.942528035687279331e-02
1.306641766818415762e-02
7.382810281313370235e-03
3.129248260469100207e-02
2.996206500429248257e-02
3.883666591168379728e-02
1.856885461841195628e-02
2.449926733141303409e-02
3.960400222321788788e-02
6.586025538245050652e-03
3.999980769840644906e-02
2.453619152415247376e-02
3.840474852997814714e-02
3.484016242045304829e-02
3.245292314194128669e-02
3.497515726047085299e-02
2.671229355009975548e-02
3.678007061670449107e-02
1.409229449020322524e-02
1.515656115977212677e-02
2.479819015939140059e-02
2.825492586041104814e-02
1.832355027205717288e-02
3.867188566160906921e-02
3.723142050021709809e-02
3.186195004118658886e-02
4.759192753505443567e-03
2.181440326087580664e-02
4.673697962003009248e-04
1.862739941538300859e-02
1.840172047027006583e-02
5.864895486341112525e-03
3.355698457309118365e-02
1.414665940528828797e-02
1.453371446091043448e-02
1.061402211453414506e-02
1.239034868835930427e-02
2.098783374167852156e-02
3.918578709041153213e-02
8.095467551953295206e-04
3.633337210707009157e-02
4.578154755686037261e-03
2.106368284604926214e-02
3.975317220248938965e-02
1.979183734307275733e-02
2.848219266585945084e-02
3.944580221314606533e-02
2.707980770285136132e-02
1.770568125652756397e-02
2.687401661425324953e-02
1.810830686675334034e-02
5.924336192550829980e-03
2.385937675495893029e-02
3.694483294550471308e-02
1.351676297329080720e-02
3.946723474637243989e-02
2.890869808650265230e-02
9.593550561563760071e-03
2.707529666341836928e-03
2.645401286078033834e-02
6.054658674883719310e-03
5.117901587435724634e-04
2.617982580596581524e-02
2.444898019296886868e-02
2.621342417237254238e-02
1.165652802473129490e-03
3.518430387118530456e-02
1.580434370498915581e-02
6.232473366090118579e-06
3.385434989839164292e-03
1.081565928468014755e-02
3.897600803407810094e-03
2.608021139685755274e-02
4.557660786106412440e-03
7.167266009516701925e-03
3.007471300948256349e-02
1.484827983937053730e-02
3.843429091067045167e-02
3.615762124957130202e-02
1.549852370928359643e-03
2.051028533357904943e-02
1.261427088276217794e-02
1.492425975318378319e-02
6.910474472694239437e-03
1.364655135111631640e-02
2.822290094146408246e-02
2.025488278134357500e-02
2.556850724592656110e-02
2.144818743668652425e-02
2.977294217838277919e-03
3.964472034010560475e-02
1.919404474245491824e-03
1.509476964818320596e-02
3.518513198359633862e-03
1.739051236766808381e-02
3.514287773689694721e-04
3.762150201632043917e-02
1.053727211641942996e-02
3.838623406676661826e-02
7.904304075685444908e-03
1.597188851894415160e-02
2.555801271395958391e-02
1.998013311377722090e-03
1.236038946917394389e-02
3.963110567499619763e-02
3.479454554306110614e-02
1.484913559813827444e-02
3.683941550794697650e-02
1.166378548406110703e-03
3.056248438256053621e-02
1.906754998471059739e-02
2.562433983002377832e-02
3.215892553033795204e-02
7.515771735448963965e-03
3.349449128996045272e-02
3.059809767048262200e-02
6.125149665714579687e-03
1.111183195126630961e-02
1.107412111610476396e-02
4.539204697829380027e-03
2.379530438643788753e-03
2.681240771106651113e-02
3.341800047730688478e-02
3.622506181287003107e-02
1.999755819971264087e-02
3.729865554661420269e-03
2.639071763400218165e-02
1.021562821353628938e-03
3.329661860208505547e-02
3.699358415435996528e-02
1.524251475571432486e-02
1.021338188824402575e-02
3.259640580108190411e-02
2.951597188507704139e-02
1.523078483482873460e-02
2.919022151101948598e-02
1.910025718252731861e-02
3.107224158133222933e-02
1.989239661266854753e-02
1.175964478089923382e-04
-7.267290398703554581e-03
-1.216970542831446664e-02
-5.226170677631366418e-03
2.016861673158382336e-04
3.935984429593092360e-02
6.650868200827050880e-02
5.406597860729245308e-02
5.328245505298790513e-02
1.347680228854325479e-02
3.310760723035122838e-02
1.133886919570918292e-03
-2.489221375551114307e-03
3.342377237327312858e-03
2.276076253929422769e-02
1.949984585136081694e-02
2.201972621096105753e-02
3.416398721228914442e-02
3.212474446454394866e-02
3.263580772793670676e-02
8.340879095386459843e-03
1.581711783591195630e-02
1.238061654029891379e-02
1.461855484640737666e-03
1.938595793597293771e-03
2.168620352947991242e-02
5.061190829289919854e-03
2.067495765557889054e-02
6.334565821011457071e-03
3.982802019156604645e-02
2.152440020641565449e-02
3.098217064957854705e-02
3.377961031816712617e-02
1.361978870442793511e-02
3.678678966158629993e-02
1.710848679055475621e-02
2.526032911546151685e-02
1.241721840389761918e-02
1.919842436168703315e-02
1.509518698043809358e-02
2.832046904644294066e-02
8.254686155001826273e-03
3.821887316669466544e-02
2.837507597370864457e-02
3.279974715194075574e-02
1.258385536041219978e-02
2.741553879629630985e-02
3.335063924282431758e-02
1.908131796168733782e-02
2.123932708544882392e-02
3.197526451706848849e-02
3.431495691934456638e-02
3.848955492164479048e-02
1.095391830987778835e-02
3.117328187706617029e-02
1.904449028603353092e-02
3.895190313251706976e-02
4.630462056936845766e-05
1.737878080227472921e-02
2.368485786746307373e-02
3.451150111623038641e-02
3.604055965690002722e-02
7.742100302716404051e-03
2.867944187437119347e-02
3.529020701454708281e-02
5.692046715257852163e-03
2.731871245293215553e-02
1.219416640569597225e-03
2.362946434556496833e-02
2.406182238868610768e-02
1.575220920445054296e-02
9.863265687520841873e-03
2.282305130351195560e-02
1.489273481353583020e-02
1.716507466585293117e-03
3.807834796615561235e-02
1.880878970420491597e-02
2.966163681030393930e-03
3.356680736438866219e-02
3.388357454271818253e-02
2.373786646107386988e-02
5.659443320411048500e-03
2.372294564174564843e-02
3.751138532645578727e-02
2.622241484381494445e-02
3.250269058707596498e-02
1.162848440466849979e-02
6.449777504516966686e-03
1.143837427032946309e-02
3.492811630895075597e-02
9.783761938970228153e-03
1.484524877592776140e-02
2.517683883416935511e-02
1.558361838199533514e-03
2.849874099725731302e-02
2.226421926560358949e-02
3.763662660214944777e-02
2.834519413664660006e-04
1.426548832419660164e-02
8.023536594504409843e-04
2.351001094030618840e-02
1.577122730662757627e-02
2.266816126080921714e-02
5.300460767673337986e-03
7.744293611929537607e-03
3.009206709791886411e-02
3.442207096280883866e-02
2.567060194323438418e-02
1.985279522553705725e-02
3.347457166857022159e-02
1.382115693751954227e-02
3.317143253568961836e-02
2.996063231913922986e-02
2.628756654153770189e-02
2.001783704605377551e-02
4.243611268452873644e-04
1.507130447545011742e-02
3.395005631512231642e-02
3.811587129314170791e-02
1.651325604013523934e-02
3.993016822883252437e-02
1.439539597027786680e-02
1.810565121943514752e-02
2.811386691116858627e-02
1.495256538435000074e-02
2.857703515727612331e-02
2.946083013832921996e-02
3.276365227515218304e-02
3.811295108443042440e-03
1.132322503055396661e-02
3.235128901729363710e-02
1.531154881850247881e-02
1.645281610969088343e-02
2.381411406707186623e-02
2.273439679636511668e-02
2.892294647655584486e-02
1.756697284734939912e-02
4.602953372202658357e-03
1.304289400510296728e-03
2.403568447499257119e-02
2.033673425245685965e-02
3.881129619731882308e-02
2.023186234774716763e-02
3.031155615987169046e-03
2.170705797602931475e-02
2.038146718150904424e-02
3.591341675326972099e-02
3.625744051587730110e-02
3.416458804308242919e-02
8.290866000946705422e-03
3.130430498370100761e-02
1.632849227451885557e-02
1.769876716762721486e-02
1.702849111134699736e-02
1.764716616536142826e-02
3.301410425283038408e-02
2.342272154635362605e-02
6.591992496718450736e-03
3.100383875051569357e-02
2.221829112961627370e-02
3.354361864087711254e-02
1.346600081090819356e-02
3.671957964501122024e-02
2.209044358097536631e-02
3.062174498200870981e-02
1.797710070396028870e-02
3.573734676906674661e-03
6.864196491073002067e-03
2.745087936870030387e-02
3.915007826266919677e-02
2.315579440777847109e-02
1.016166087688371439e-02
3.482429189828355892e-02
2.505774871651852281e-02
1.918674996318324097e-02
1.243920408862941862e-02
2.329757221658737554e-02
4.850820233866825690e-03
8.160451489839317535e-03
1.680659735531593243e-02
3.485840453209120005e-02
2.958346806076231697e-02
2.788415747736485220e-02
9.431911519691449017e-03
3.448969989541213893e-02
7.824010406642125520e-03
2.066871450911774918e-02
2.558675202416326941e-02
2.867255977234117715e-04
1.609637093119165030e-02
1.806868294509387249e-03
3.758089036072487232e-02
2.013735782155805232e-02
1.288179301104261897e-02
3.491844174411533417e-03
2.260249855743468039e-02
1.072357669682946595e-02
8.329816998032132935e-03
2.062524993594558320e-02
3.653668580087114648e-02
2.238705538820327107e-02
3.244485345198846581e-03
3.839119416614312358e-02
6.024753330070447416e-03
1.258341882045149046e-02
1.823156613505464568e-02
3.380951732603975496e-02
2.456828440367551242e-02
2.189273872706469504e-02
3.737309556999317620e-03
4.368780889443421751e-03
6.497052818872122576e-03
2.153891842797847275e-02
6.052975624503669633e-03
5.008551511489560751e-03
2.206678706642910617e-02
3.848894768040518610e-02
1.038000169682179626e-02
3.567636048077594407e-02
3.924847031359738475e-02
3.253121532774913907e-03
1.205373178096569211e-03
2.734048438113308166e-02
9.576596174038441364e-03
1.648119824965388683e-02
1.564136398691795549e-03
2.009276560240618251e-02
2.518142791884545734e-02
7.684060102185963836e-04
3.583482528824180613e-02
2.387397929705111638e-02
2.260976822088358457e-02
1.010866614473547240e-02
8.423613913129100045e-03
4.866868153570362912e-03
2.458040863758484754e-02
3.443543459903825044e-02
1.017384756516459543e-02
